Open,Close,High,Low,Volume,MA5_Close,MA9_Close,MA21_Close,MA30_Close,Close_Prev_Close_Percentage,Open_Prev_Close_Percentage,High_Prev_Close_Percentage,Low_Prev_Close_Percentage,MA5_Close_Prev_Close_Percentage,MA9_Close_Prev_Close_Percentage,MA21_Close_Prev_Close_Percentage,Close_Open_Prev_Close_Percentage,High_Low_Prev_Close_Percentage,Close_Trend_5,Close_Trend_10,Close_Trend_15,Close_Trend_30,Time_Section_Index,Day,rsi_24,rsi_12,tsi,stoch,stoch_sig,roc,ao,aroon_indicator,trix,vortex_diff,psar_up,psar_down,MACD_12_26,MACDsign_12_26,MACDdiff_12_26,bb_bbm_20,bb_bbh_20,bb_bbl_20,bb_bbw_20,bb_bbp_20,accDistIndexIndicator,forceIndexIndicator,mfi
102.24,100.76,102.7,100.64,24472,0.0,0.0,0.0,0.0,4.96,6.5,6.98,4.83,0.0,0.0,0.0,-1.54,2.15,0.0,0.0,0.0,0.0,0,0,0.0,0.0,0.0,0.0,0.0,0.0,0.0,0.0,0.0,0.0,0.0,0.0,0.0,0.0,0.0,0.0,0.0,0.0,0.0,0.0,-21.62089320388339,0.0,0.0
101.1,100.44,101.39,99.59,19487,0.0,0.0,0.0,0.0,4.62,5.31,5.61,3.74,0.0,0.0,0.0,-0.69,1.87,0.0,0.0,0.0,0.0,0,0,0.0,0.0,0.0,0.0,0.0,0.0,0.0,0.0,0.0,0.0,0.0,0.0,0.0,0.0,0.0,0.1599999999999966,0.47999999999998977,-0.1599999999999966,0.6361829025844795,0.25,-22.703504314994596,0.0,0.0
99.84,100.13,100.67,99.66,14312,0.0,0.0,0.0,0.0,4.3,4.0,4.86,3.81,0.0,0.0,0.0,0.3,1.05,0.0,0.0,0.0,0.0,0,0,0.0,0.0,0.0,0.0,0.0,0.0,0.0,0.0,0.0,0.0,0.0,102.7,0.0,0.0,0.0,0.3133333333333326,0.8277477793029391,-0.20108111263627393,1.024287882327561,0.1954466036206092,-23.695425107073905,0.0,0.0
100.06,101.01,101.11,99.71,13396,0.0,0.0,0.0,0.0,5.22,4.23,5.32,3.86,0.0,0.0,0.0,0.99,1.46,0.0,0.0,0.0,0.0,0,0,0.0,0.0,0.0,0.0,0.0,0.0,0.0,0.0,0.0,0.0,0.0,102.6392,0.0,0.0,0.0,-0.42499999999999716,0.23779710319223568,-1.08779710319223,1.3178845815822098,0.8206109365543902,-12.213139392788072,0.0,0.0
100.95,100.89,101.21,100.5,11007,100.65,0.0,0.0,0.0,5.09,5.16,5.43,4.69,4.84,0.0,0.0,-0.06,0.74,0.0,0.0,0.0,0.0,0,0,0.0,0.0,0.0,0.0,0.0,0.0,0.0,0.0,0.0,0.0,0.0,102.579616,0.0,0.0,0.0,-0.24399999999999977,0.39707409868127286,-0.8850740986812724,1.2739186826724809,0.6903056140482997,-11.127942209689358,0.0,0.0
100.99,100.8,101.02,100.63,7756,100.65,0.0,0.0,0.0,5.0,5.2,5.23,4.82,4.84,0.0,0.0,-0.2,0.41,0.04,0.0,0.0,0.0,0,0,0.0,0.0,0.0,0.0,0.0,0.0,0.0,0.0,0.0,0.0,0.0,102.52122368,0.0,0.0,0.0,-0.1283333333333303,0.46803530732071863,-0.7247019739873792,1.1847795122508131,0.6075956418437635,-12.122301184048274,0.0,0.0
100.93,101.04,101.3,100.41,10087,100.77,0.0,0.0,0.0,5.25,5.14,5.52,4.59,4.97,0.0,0.0,0.11,0.93,0.63,0.0,0.0,0.0,0,0,0.0,0.0,0.0,0.0,0.0,0.0,0.0,0.0,0.0,0.0,0.0,102.4639992064,0.0,0.0,0.0,-0.31571428571427873,0.29362794914531776,-0.9250565205738752,1.2099211834334676,0.7590615483817769,-7.928829273935705,0.0,0.0
100.86,102.14,102.3,100.81,16771,101.18,0.0,0.0,0.0,6.4,5.06,6.56,5.01,5.4,0.0,0.0,1.33,1.55,2.09,0.0,0.0,0.0,0,0,0.0,0.0,0.0,0.0,0.0,0.0,0.0,0.0,0.0,0.0,0.0,102.407919222272,0.0,0.0,0.0,-1.238749999999996,-0.1425092645773418,-2.3349907354226502,2.1728982255872036,1.0649990736397865,5.2403452227086555,0.0,0.0
101.96,103.34,103.5,101.95,21001,101.64,101.17,0.0,0.0,7.65,6.21,7.81,6.2,5.88,5.39,0.0,1.44,1.61,2.43,0.0,0.0,0.0,0,0,0.0,0.0,0.0,0.0,0.0,0.0,0.0,0.0,0.0,0.0,99.66,0.0,0.0,0.0,0.0,-2.1677777777777862,-0.3190357964347328,-4.01651975912084,3.654643420369553,1.0862845653028779,21.905654900128095,0.0,0.0
102.85,103.31,104.2,102.77,27870,102.13,101.46,0.0,0.0,7.61,7.14,8.54,7.05,6.39,5.69,0.0,0.48,1.49,2.52,0.0,0.0,0.0,0,0,0.0,0.0,0.0,0.0,0.0,0.0,0.0,0.0,0.0,0.0,99.7368,0.0,0.0,0.0,0.0,-1.9240000000000066,0.24885434394484207,-4.096854343944855,4.286300562099005,0.9427356130339958,15.084326228799567,0.0,0.0
103.81,102.55,104.1,102.52,15235,102.48,101.69,0.0,0.0,6.82,8.14,8.44,6.79,6.75,5.93,0.0,-1.31,1.65,1.82,1.86,0.0,0.0,0,0,0.0,0.0,0.0,0.0,0.0,0.0,0.0,0.0,0.0,0.0,99.915328,0.0,0.0,0.0,0.0,-1.058181818181808,1.1189692507289948,-3.2353328870926106,4.290298682028794,0.7430198421442571,0.42787053259705865,0.0,0.0
103.16,102.67,103.23,102.24,12895,102.8,101.97,0.0,0.0,6.95,7.46,7.53,6.5,7.08,6.22,0.0,-0.51,1.03,1.7,2.32,0.0,0.0,0,0,0.0,68.3895937543767,0.0,0.0,0.0,0.0,0.0,0.0,0.0,0.0,100.08671488,0.0,0.0,0.0,0.0,-1.0800000000000125,1.1038345480675105,-3.2638345480675355,4.299310066084306,0.7472714796447619,-1.265412295685695,0.0,0.0
102.69,103.1,103.4,102.37,9365,102.99,102.2,0.0,0.0,7.4,6.97,7.71,6.64,7.28,6.46,0.0,0.43,1.07,1.0,3.09,0.0,0.0,0,0,0.0,72.09629912306822,0.0,0.0,0.0,2.3223501389440147,0.0,0.0,0.0,0.0,100.2512462848,0.0,0.0,0.0,0.0,-1.393846153846141,0.8533474937821239,-3.641039801474406,4.418992485012244,0.8101304053874563,2.6442478984888615,0.0,0.0
102.68,102.98,103.4,102.64,7901,102.92,102.44,0.0,0.0,7.27,6.96,7.71,6.92,7.21,6.71,0.0,0.31,0.79,-0.37,2.05,0.0,0.0,0,0,0.0,69.61122903054329,0.0,73.5357917570499,0.0,2.528872958980492,0.0,0.0,0.0,0.0,100.409196433408,0.0,0.0,0.0,0.0,-1.182857142857145,1.079814205936799,-3.445528491651089,4.4454515820139795,0.7613850976386021,1.812563687962569,1429.6373909828428,12.94220390102086
102.8,102.69,103.13,102.4,9717,102.8,102.65,0.0,0.0,6.97,7.08,7.43,6.67,7.08,6.93,0.0,-0.11,0.76,-0.65,1.87,0.0,0.0,0,0,0.0,63.81245192241735,0.0,67.24511930585672,0.0,2.5566763207829846,0.0,0.0,0.0,0.13895939086294407,100.56082857607169,0.0,0.0,0.0,0.0,-0.8333333333333428,1.3975369502605304,-3.064203616927216,4.380410937449108,0.6867731484573063,-0.18408014765397296,822.8420494138567,9.811436730385424
102.79,103.2,103.23,102.67,9467,102.93,102.89,0.0,0.0,7.5,7.07,7.53,6.95,7.22,7.18,0.0,0.43,0.58,0.68,2.5,2.54,0.0,1,0,0.0,68.79886493056439,0.0,77.97356828193836,72.91815978161499,2.1681021681021657,0.0,0.0,0.0,0.33884297520661155,100.70639543302882,0.0,0.0,0.0,0.0,-1.2593750000000057,0.9964338211326691,-3.5151838211326805,4.425730803853075,0.7791404546790572,8.268598423774565,1395.0317566404556,18.000094106945454
102.99,102.94,103.43,102.72,8030,102.98,102.98,0.0,0.0,7.23,7.28,7.74,7.0,7.27,7.27,0.0,-0.05,0.74,0.28,1.98,2.6,0.0,1,0,0.0,63.90182041480978,0.0,71.9376391982182,72.38544226200442,2.031915948062243,0.0,0.0,0.0,0.40928270042194115,100.84613961570767,0.0,0.0,0.0,0.0,-0.9405882352941148,1.2978300149387962,-3.179006485527026,4.38908070449766,0.7101010915176923,5.2149364519434975,897.4843628346705,20.22994213246899
103.1,102.83,103.1,102.72,4600,102.93,102.92,0.0,0.0,7.11,7.4,7.4,7.0,7.22,7.21,0.0,-0.28,0.4,-0.28,0.72,2.81,0.0,1,0,0.0,61.86929563719345,0.0,63.85224274406326,71.25448340807327,2.01388888888889,0.0,0.0,0.0,0.3787878787878788,100.98029403107937,0.0,0.0,0.0,0.0,-0.7844444444444463,1.4239357786775884,-2.992824667566481,4.328224215350075,0.6776062917588214,3.2780943466803576,696.9865967154324,16.06354091088383
102.74,102.2,103.0,101.85,8831,102.77,102.8,0.0,0.0,6.46,7.02,7.29,6.09,7.05,7.08,0.0,-0.56,1.2,-0.81,-1.19,1.24,0.0,1,0,0.0,51.61245593016351,0.0,47.22955145118742,61.00647779782296,1.1480601741884369,0.0,0.0,0.0,0.23020527859237516,101.1090822698362,0.0,0.0,0.0,0.0,-0.1463157894736895,2.004270035500909,-2.296901614448288,4.214616731598165,0.534017658764076,-0.17751434897171248,-197.37291710105205,10.466857166733917
102.13,101.44,102.39,101.26,7213,102.52,102.67,0.0,0.0,5.67,6.39,6.66,5.48,6.79,6.95,0.0,-0.72,1.18,-1.3,-1.95,0.57,0.0,1,0,0.0,42.36875819701311,0.0,27.176781002638506,46.08619173262972,-0.6853338554924642,0.0,0.0,0.0,0.13908205841446553,101.23271897904274,0.0,0.0,0.0,0.0,0.5829999999999984,2.6961313257817068,-1.53013132578171,4.142460672165509,0.3620530600992511,-5.092567446316931,-952.3025003723355,10.635495363184752
101.8,101.8,102.0,101.11,8229,102.24,102.58,102.01,0.0,6.04,6.04,6.25,5.32,6.5,6.85,6.26,0.0,0.93,-1.46,-0.78,1.04,0.0,1,0,0.0,47.250625744477524,0.0,29.203539823008693,34.53662409227821,-1.4902264370040703,0.0,0.0,0.0,0.09735744089012544,0.0,104.2,0.0,0.0,0.0,0.2750000000000057,2.311030451638686,-1.7610304516386748,3.9892832753145835,0.43246662893016297,-0.5619944126091159,-393.0535717477169,5.348495473717485
101.46,101.38,101.89,101.23,6965,101.93,102.38,102.04,0.0,5.6,5.69,6.14,5.45,6.18,6.65,6.29,-0.08,0.69,-1.63,-1.34,0.35,0.0,1,0,0.0,42.65224182292267,0.0,8.737864077669764,21.706061634438985,-1.868163778917827,0.0,0.0,0.0,0.0007380073800740128,0.0,104.1382,0.0,0.0,0.0,0.7420000000000044,2.665159899748332,-1.181159899748323,3.7663968581663645,0.30708832372776035,-4.361085321700188,-754.8030614980448,-1.7826937737664892
101.59,101.72,101.82,101.23,4877,101.71,102.24,102.1,0.0,5.96,5.82,6.06,5.45,5.95,6.5,6.35,0.14,0.61,-1.16,-1.44,-0.44,0.0,1,0,0.0,47.19087249196286,0.0,19.741100323624554,19.227501408101002,-0.8093612871769853,0.0,0.0,0.0,-0.19062748212867386,0.0,104.077636,0.0,0.0,0.0,0.48149999999999693,2.187949823463896,-1.224949823463902,3.339383127378559,0.35891762143272204,-1.1373056606831755,-410.0911955697504,-7.730687381331947
101.72,101.68,101.96,101.48,6084,101.6,102.13,102.18,0.0,5.92,5.96,6.21,5.71,5.83,6.39,6.44,-0.04,0.5,-0.54,-1.35,-1.73,0.0,1,0,5.082082431432186,46.71636067083049,0.0,19.06354515050195,15.84750318393209,-0.9642544073244325,0.0,0.0,0.0,-0.30326460481099715,0.0,104.01828327999999,0.0,0.0,0.0,0.5549999999999926,2.191441260785112,-1.0814412607851267,3.201332734944235,0.33042471083449737,-2.1513056606829957,-386.2724533454935,-18.406006280090295
101.71,102.44,102.44,101.66,6505,101.8,102.05,102.24,0.0,6.71,5.95,6.71,5.9,6.04,6.3,6.5,0.76,0.81,1.04,-0.26,-0.91,0.0,1,0,5.659542413196652,55.90621401773841,0.0,57.32758620689629,32.0440772270076,-0.6401551891367572,0.0,24.0,0.0,-0.23247232472324708,0.0,103.96011761439999,0.0,0.0,0.0,-0.12749999999999773,1.3892448697787074,-1.6442448697787029,2.9649258297445673,0.5420307998202097,4.353694339317004,375.16646856099715,-10.019560239290435
102.11,102.28,102.7,102.06,8128,101.9,101.97,102.31,0.0,6.54,6.36,6.98,6.31,6.15,6.22,6.57,0.18,0.67,0.5,-0.96,-0.28,0.0,1,0,5.517227204886719,53.77611837809177,0.0,50.431034482758534,42.27405528005226,-0.6797436395416613,0.0,24.0,0.0,-0.06768350810295465,0.0,103.903115262112,-0.0,0.0,-0.0,0.10649999999999693,1.4560521479365036,-1.2430521479365098,2.63619158372736,0.46054246582362984,1.8136943393169704,135.78840162371586,-0.5319661358786618
102.67,102.0,102.7,101.9,4529,102.02,101.88,102.37,0.0,6.25,6.95,6.98,6.15,6.27,6.12,6.64,-0.7,0.83,0.65,-0.98,-0.7,0.0,1,0,5.275004802258546,50.12974508949957,0.0,38.362068965517146,48.706896551723986,-0.6719252118025102,0.0,24.000000000000004,0.0,-0.1140350877192986,0.0,103.84725295686975,-0.01,-0.0,-0.01,0.4344999999999999,1.6507808063930156,-0.7817808063930158,2.3747483638676727,0.32138170818935036,-1.5830556606830901,-64.76994146538713,-7.45669079972194
102.04,102.03,102.27,101.62,3804,102.09,101.86,102.42,0.0,6.28,6.29,6.53,5.85,6.34,6.1,6.69,-0.01,0.68,0.32,-0.83,-1.11,0.0,1,0,5.298083694642391,50.52188102237477,0.0,39.65517241379305,42.81609195402291,-1.1337209302325597,0.0,12.0,0.0,-0.21182266009852357,0.0,103.79250789773236,-0.02,-0.01,-0.01,0.3990000000000009,1.6215367070153945,-0.8235367070153927,2.3870909742658695,0.33681471578301786,-0.5881633529907593,-39.214235541759784,-13.836322194258884
102.1,101.88,102.34,101.85,4033,102.13,101.91,102.4,0.0,6.12,6.35,6.6,6.09,6.39,6.16,6.67,-0.23,0.51,0.21,-0.33,-1.15,0.0,1,0,5.1664227576989195,48.44412415801983,0.0,33.18965517241352,37.06896551724123,-1.029726054012048,0.0,12.0,0.0,-0.13521695257315902,0.0,103.73885773977771,-0.03,-0.01,-0.02,0.4760000000000133,1.6454340511546803,-0.6934340511546537,2.28503273116313,0.2964827518362305,-4.1273266182968715,-120.0336304643688,-7.151335595658324
102.31,101.7,102.33,101.7,3867,101.98,101.9,102.32,101.98,5.94,6.57,6.59,5.94,6.23,6.15,6.58,-0.64,0.66,-0.77,0.27,-1.03,0.0,1,0,5.010508935114655,45.96925368663491,0.0,25.431034482758687,32.75862068965508,-1.0989010989010946,0.0,12.0,0.0,-0.18737474949899902,0.0,103.68628058498216,-0.05,-0.02,-0.03,0.575499999999991,1.6916088656578125,-0.5406088656578305,2.1825537213855157,0.24218464806262513,-7.9943266182968715,-202.32311182659774,-15.453692291682358
101.86,101.72,101.95,101.1,6089,101.87,101.94,102.25,102.01,5.96,6.1,6.2,5.31,6.11,6.19,6.51,-0.15,0.89,-0.58,-0.08,-1.54,1.0,2,0,5.027905956979873,46.301773371587586,0.0,31.000000000000227,29.87356321839081,-0.4696673189823914,0.0,8.0,0.0,-0.3063241106719383,0.0,103.63475497328251,-0.07,-0.03,-0.04,0.5139999999999958,1.647779520012591,-0.6197795200125995,2.2180087251063156,0.273324534917386,-5.20055014770866,-156.02266727994441,-14.609218333290102
101.47,101.67,101.8,101.42,3764,101.8,101.93,102.21,102.05,5.91,5.7,6.04,5.65,6.04,6.18,6.47,0.21,0.4,-0.34,0.3,-1.32,1.28,2,0,4.9825852358882,45.53745600396907,0.0,30.0000000000003,28.810344827586402,0.22673501577287458,0.0,-52.0,0.0,-0.2569169960474308,0.0,103.53336477435121,-0.09,-0.04,-0.05,0.5139999999999958,1.6546384177292879,-0.6266384177292963,2.232518628609747,0.2746875819669334,-4.011918568761232,-160.6194290970937,-9.701560614449228
101.56,101.66,101.85,101.44,3345,101.73,101.93,102.16,102.1,5.9,5.79,6.09,5.67,5.97,6.18,6.42,0.1,0.43,-0.39,-0.06,-1.22,1.59,2,0,4.973229852311954,45.374037179411424,0.0,34.99999999999996,32.000000000000156,-0.13752455795677856,0.0,-52.00000000000001,0.0,-0.1663113006396597,0.0,103.43603018337717,-0.1,-0.05,-0.05,0.4519999999999982,1.5324739700705265,-0.6284739700705302,2.1162526834662496,0.29083253621996386,-3.767162471200246,-142.45236779751136,-2.5077965216177063
101.6,101.32,101.85,101.24,3753,101.61,101.81,102.07,102.11,5.54,5.83,6.09,5.46,5.84,6.05,6.32,-0.29,0.64,-0.58,-0.38,-0.92,0.32,2,0,4.662630742103779,40.04391324255113,0.0,13.749999999999856,26.250000000000032,-0.05918327086210523,-0.2850882352941255,-96.0,0.0,-0.06320541760722553,0.0,103.34258897604208,-0.13,-0.07,-0.06,0.7090000000000032,1.76476323103239,-0.3467632310323836,2.0695355850442265,0.1642239570577289,-6.535769028577315,-304.3906009692973,-0.28386329737099913
101.34,101.26,101.58,101.24,2985,101.53,101.69,101.99,102.13,5.48,5.56,5.81,5.46,5.76,5.93,6.24,-0.08,0.35,-0.46,-1.23,-0.19,0.39,2,0,4.6096177487039345,39.15835881118891,0.0,10.000000000000622,19.583333333333474,-0.4522217852929549,-0.39844117647058397,-76.0,0.0,-0.034897713598075475,0.0,103.2528854170004,-0.16,-0.09,-0.07,0.6975000000000051,1.7581955265296187,-0.3631955265296085,2.0806620925966475,0.17120630635537445,-9.169592557988905,-286.491943687964,3.508183070089707
101.41,101.47,101.53,101.14,3123,101.48,101.63,101.93,102.15,5.7,5.64,5.76,5.35,5.71,5.86,6.18,0.06,0.41,-0.26,-0.84,-0.34,0.7,2,0,4.824525902895878,43.8956681941328,0.0,23.12500000000016,15.625000000000208,-0.2065302911093705,-0.4612941176470855,-76.0,0.0,-0.05597014925373189,0.0,103.16677000032038,-0.17,-0.1,-0.07,0.40100000000001046,1.3141900130859625,-0.5121900130859416,1.7928360634252178,0.28043999920405,-7.007515634912017,-151.8745231611148,11.459968812592194
101.36,101.4,101.6,101.12,3093,101.42,101.56,101.85,102.16,5.63,5.58,5.83,5.33,5.65,5.79,6.09,0.04,0.5,-0.28,-0.62,0.02,0.37,2,0,4.758537296148684,42.68703606457358,0.0,18.75000000000061,17.291666666667126,-1.0152284263959315,-0.5464411764706085,-76.0,0.0,-0.04161412358133654,0.0,103.08409920030756,-0.17,-0.12,-0.05,0.39400000000000546,1.1852117289322166,-0.3972117289322057,1.5545350982026662,0.25101481335992537,-6.492015634911925,-161.10816270952398,5.48992130330425
101.28,100.79,101.45,100.74,4501,101.25,101.44,101.75,102.12,4.99,5.5,5.68,4.94,5.47,5.67,5.99,-0.51,0.74,-0.91,-1.29,-0.97,-1.41,2,0,4.23216598645592,33.83151253716744,-17.278080973734824,2.551020408163835,14.808673469388198,-1.456785295267887,-0.6765882352941048,-88.0,0.0,-0.15318627450980393,0.0,103.00473523229526,-0.22,-0.14,-0.08,0.902000000000001,1.657873005206497,0.1461269947935051,1.48659285923474,-0.096661075198462,-10.359071972939956,-530.3227108938773,-2.936341911797733
101.17,101.04,101.29,100.6,7476,101.19,101.37,101.66,102.04,5.25,5.39,5.51,4.79,5.41,5.59,5.9,-0.14,0.72,-0.29,-0.87,-0.67,-2.4,2,0,4.492692333772705,39.44777127723183,-18.20316906483952,20.952380952381436,14.084467120181955,-0.9411764705882292,-0.7992352941176506,-88.0,0.0,-0.27385377942998645,0.0,102.86885111835754,-0.24,-0.16,-0.08,0.5939999999999941,1.3629577361597143,-0.1749577361597261,1.5131899485599705,0.11376290785075452,-8.30046327728769,-187.5623236233235,-14.068347609853348
100.82,101.27,101.45,100.76,5590,101.19,101.32,101.62,101.97,5.49,5.02,5.68,4.96,5.41,5.54,5.85,0.47,0.72,0.01,-0.45,-1.22,-2.13,2,0,4.721575798623154,44.2011007701671,-17.895412510526274,31.904761904761855,18.46938775510237,-0.744878957169465,-0.8684705882353114,-88.0,0.0,-0.31403940886699455,0.0,102.68734302888893,-0.23,-0.17,-0.06,0.35550000000000637,1.1365115236024934,-0.4255115236024807,1.5370384866052065,0.2724105283618415,-5.626985016418244,22.903722608571684,-16.872698796596495
101.39,101.21,101.39,100.91,3087,101.14,101.27,101.61,101.93,5.43,5.61,5.61,5.11,5.35,5.49,5.84,-0.19,0.5,-0.27,-0.53,-1.11,-1.4,2,0,4.668757643180364,43.235233235294885,-17.839629731841438,35.0574712643676,29.30487137383696,-0.6576364350215957,-0.9141470588235308,-84.0,0.0,-0.29487179487179593,0.0,102.52035558657782,-0.23,-0.18,-0.05,0.3860000000000099,1.18282871434198,-0.4108287143419602,1.5686222180833302,0.25778985304340285,-4.8552350164183125,-6.828237764082417,-10.770563624967508
100.99,100.71,101.29,100.68,2953,101.0,101.16,101.55,101.86,4.91,5.2,5.51,4.88,5.21,5.37,5.78,-0.29,0.64,-0.72,-1.0,-1.34,-2.04,2,0,4.254868038065994,36.069895265308965,-19.438169267890505,6.321839080459704,24.428024083196387,-0.9734513274336372,-0.9723823529411675,-96.0,0.0,-0.24742268041236903,0.0,102.3667271396516,-0.26,-0.2,-0.06,0.8525000000000063,1.7346082699985743,-0.02960826999856181,1.7370747470741033,0.01678267340051685,-7.5177760000249965,-216.78134665492777,-10.166772342511287
100.92,100.91,101.1,100.67,2810,101.03,101.12,101.53,101.79,5.11,5.13,5.31,4.86,5.24,5.33,5.76,-0.01,0.45,0.12,-0.78,-1.17,-2.28,2,0,4.459864776422627,40.381403072728375,-19.758172617224627,17.91907514450876,19.76612849644535,-0.796303578450651,-0.9602647058823379,-68.0,0.0,-0.3142857142857144,0.0,102.22538896847948,-0.27,-0.21,-0.06,0.612000000000009,1.5348997778740028,-0.3108997778739848,1.8181276528712864,0.16843637051803087,-7.191031813978498,-105.52686856136555,-16.471892644335128
100.87,101.0,101.1,100.78,2904,101.02,101.09,101.5,101.72,5.21,5.07,5.31,4.98,5.23,5.3,5.73,0.14,0.33,-0.04,-0.33,-0.92,-2.06,2,0,4.551159764504951,42.29196501295166,-19.576038136744877,29.629629629629864,17.95684795153277,-0.6589947870561638,-0.8864117647058691,-68.0,-0.03494186310765605,-0.29093369418132686,0.0,102.09535785100113,-0.27,-0.22,-0.05,0.48799999999999955,1.434902318087694,-0.458902318087695,1.8660379908712252,0.2423176653609138,-6.102031813978433,-53.114458766883345,-10.649535097390562
100.91,101.28,101.3,100.88,4364,101.02,101.07,101.48,101.67,5.5,5.11,5.52,5.08,5.23,5.28,5.71,0.39,0.44,0.01,0.02,-0.44,-1.47,2,0,4.827851679596971,47.952803867003304,-18.043375680271865,54.400000000000546,33.982901591379715,-0.37379500295100876,-0.8241176470588272,-68.0,-0.035718610112992086,-0.12500000000000078,0.0,101.97572922292103,-0.24,-0.23,-0.01,0.14999999999999147,0.992947210683937,-0.692947210683954,1.6621260192920155,0.41102645687724304,-2.1536508615973964,129.03332105695785,-1.2525546159518086
101.06,101.55,101.71,101.06,5730,101.09,101.08,101.44,101.62,5.78,5.27,5.95,5.27,5.3,5.29,5.67,0.51,0.68,0.35,0.08,-0.18,-1.72,3,0,5.079277792869197,52.82119777389884,-15.477652665248081,76.00000000000023,53.34320987654354,0.22700355309909592,-0.7374117647058966,-68.0,-0.03520284833178021,-0.06224066390041538,0.0,101.86567088508735,-0.19,-0.22,0.03,-0.1565000000000083,0.5942403013025341,-0.9072403013025507,1.4808450271517257,0.6042304507487337,0.7554260614795503,331.6142751916749,0.5538375813373477
101.41,101.26,101.71,101.1,4102,101.2,101.14,101.39,101.56,5.48,5.64,5.95,5.31,5.42,5.35,5.61,-0.16,0.64,0.57,-0.15,-0.43,-1.75,3,0,4.816844071739407,47.603812560697236,-14.447151898861907,52.800000000000864,61.0666666666672,0.0,-0.6098823529411845,-68.0,-0.03433028165593044,-0.06460296096904505,0.0,101.76441721428037,-0.18,-0.21,0.03,0.09650000000000603,0.795163724548388,-0.602163724548376,1.3786263822219234,0.430939594679555,-1.194705086061286,114.30080730715457,-6.0670769695630185
101.12,101.14,101.37,100.9,3785,101.25,101.15,101.35,101.51,5.35,5.33,5.59,5.1,5.47,5.36,5.57,0.02,0.49,0.24,0.36,-0.54,-1.76,3,0,4.711729085416513,45.57186153579108,-14.053796902752419,48.648648648649235,59.1495495495501,-0.32521927663348604,-0.5044411764705785,-68.0,-0.03341939851351144,-0.11248285322359108,0.0,101.71,-0.17,-0.2,0.03,0.17199999999999704,0.8035568066293024,-0.4595568066293083,1.2467561722783191,0.3638285596841385,-1.114173171167742,33.08640626327289,-6.082336798583746
101.04,101.46,101.49,100.95,3172,101.34,101.17,101.32,101.48,5.69,5.25,5.72,5.16,5.56,5.39,5.54,0.44,0.56,0.48,0.44,0.15,-0.77,3,0,5.014466322198973,51.583861157502376,-12.18139053201134,77.47747747747746,59.64204204204251,0.05917159763312432,-0.4029999999999916,-68.0,-0.031842352858742984,-0.050734312416555016,0.0,101.71,-0.14,-0.19,0.05,-0.16899999999999693,0.4114791124578119,-0.7494791124578057,1.1461612827552474,0.6455694066961629,1.7053823843877949,173.36549108280224,-0.6228306969795838
101.36,101.28,101.49,101.15,3103,101.34,101.18,101.29,101.48,5.5,5.58,5.72,5.36,5.56,5.4,5.51,-0.08,0.35,0.0,0.01,0.02,-0.17,3,0,4.851450527150406,48.309411637891884,-11.358837268416112,61.26126126126191,62.46246246246286,0.4861593412044795,-0.30905882352941205,-64.0,-0.030169812559332106,-0.0040322580645162365,0.0,101.62119999999999,-0.13,-0.18,0.05,-0.010000000000005116,0.5393268608031008,-0.559326860803111,1.084875798959427,0.5091020489926392,0.9752647373289638,68.80756378526233,-0.6427460195267471
101.35,101.42,101.48,101.1,2731,101.31,101.26,101.28,101.46,5.65,5.57,5.71,5.31,5.53,5.48,5.5,0.07,0.4,-0.14,0.22,-0.05,-0.4,3,0,4.983798970260614,50.95119369779081,-10.017761597816186,73.87387387387457,70.87087087087131,0.37608867775138105,-0.2755588235294084,-56.0,-0.02817711821508706,-0.019073569482288888,0.0,101.539504,-0.11,-0.17,0.06,-0.16499999999999204,0.3496455090640609,-0.679645509064045,1.0165335224217131,0.6603045174726825,2.8438436846973736,113.59791181593937,4.5350964317850995
101.29,101.81,101.85,101.27,4600,101.42,101.36,101.28,101.48,6.05,5.51,6.09,5.49,5.65,5.58,5.5,0.54,0.6,0.57,1.15,0.43,0.45,3,0,5.332563523977626,57.5450434107598,-7.070696086994949,96.80000000000064,77.31171171171236,0.533228004344827,-0.20485294117648323,-56.0,-0.0252505434661738,0.1289875173370313,100.6,0.0,-0.06,-0.14,0.08,-0.5480000000000018,-0.007792632408822442,-1.0882073675911812,1.0669498283485994,1.0072126306269853,6.809360926076808,353.65535298509127,12.601505029881068
101.61,102.02,102.09,101.58,7151,101.6,101.47,101.3,101.49,6.27,5.84,6.34,5.81,5.83,5.7,5.52,0.43,0.53,0.92,1.16,1.28,0.31,3,0,5.508044851475165,60.652274036128375,-3.73735850688904,95.07042253521075,88.58143213636198,0.8003161742910803,-0.04749999999998522,43.99999999999999,-0.02137007601591948,0.25320056899004384,100.625,0.0,-0.01,-0.12,0.11,-0.7399999999999949,-0.12864085841478357,-1.3513591415852062,1.2072652874905436,1.105208910495087,11.997341318233484,517.6631597015005,25.713895445693055
101.9,101.83,102.09,101.6,5712,101.67,101.53,101.31,101.49,6.07,6.15,6.34,5.83,5.91,5.76,5.53,-0.07,0.51,0.39,0.86,0.82,0.16,3,0,5.319237210860916,56.566035664532734,-1.8782723437049145,81.69014084507009,91.18685446009381,1.112104061165728,0.07691176470588346,44.0,-0.017340023446630187,0.21669106881405475,100.6836,0.0,0.02,-0.09,0.11,-0.5245000000000033,0.13226403677408882,-1.1812640367740954,1.2966009481698273,0.8993062733582778,11.647627032519193,288.6712797441452,15.575012153307554
101.66,102.33,102.4,101.65,5801,101.88,101.62,101.35,101.49,6.59,5.9,6.67,5.89,6.12,5.85,5.57,0.7,0.78,1.09,1.09,1.1,-0.11,3,0,5.721926559137046,63.60519736923247,1.8224628388814008,95.95375722543311,90.904773535238,1.4071945297790127,0.20408823529409403,52.0,-0.012387079703092696,0.2464788732394394,100.739856,0.0,0.08,-0.06,0.14,-0.9709999999999894,-0.1776551821560588,-1.76434481784392,1.5654156371786039,1.1119659309295493,16.365773699185745,661.7896683521244,17.187961055211815
102.2,102.3,102.4,102.01,4304,102.06,101.73,101.4,101.49,6.56,6.46,6.67,6.26,6.31,5.97,5.63,0.1,0.41,0.92,0.78,1.14,0.02,3,0,5.691271829186986,62.937559166987384,4.612039872650171,94.21965317919027,90.62118374989781,1.2871287128712843,0.3681176470588383,52.0,-0.007061711625394842,0.3546511627906983,100.83946464,0.0,0.13,-0.02,0.15,-0.8995000000000033,-0.006673589100415711,-1.7923264108995909,1.760990154682842,1.0037373385346495,18.46259421200607,548.8025728732489,22.817325515263633
102.19,102.14,102.4,101.9,3776,102.12,101.84,101.44,101.5,6.4,6.45,6.67,6.15,6.38,6.08,5.67,-0.05,0.52,0.34,0.92,1.49,0.15,3,0,5.526498319909416,59.31511861880619,6.105096082523039,83.95061728395035,91.37467589619122,0.8491311216429696,0.46773529411765935,52.0,-0.0020097311023525443,0.36402877697842007,100.9330967616,0.0,0.15,0.02,0.13,-0.7025000000000006,0.24672863420771307,-1.6517286342077142,1.8715536842049807,0.8700372990677592,18.311554212005994,384.0936338913581,21.621494992346143
102.1,102.01,102.34,101.9,3174,102.12,101.9,101.46,101.49,6.26,6.35,6.6,6.15,6.38,6.15,5.69,-0.09,0.46,-0.01,0.91,1.15,-0.02,3,0,5.394093645006308,56.43600020414381,6.690829394848569,74.34210526315803,84.1707919087662,0.4529788281634741,0.5129705882353051,52.0,0.0023954399653124156,0.3338048090523361,101.02111095590399,0.0,0.15,0.04,0.11,-0.5115000000000123,0.4200852081263662,-1.4430852081263907,1.8356630061062549,0.7745320532883678,16.724554212005994,270.27740047830906,16.580309494449352
102.17,102.08,102.27,101.9,2683,102.17,101.99,101.53,101.5,6.33,6.43,6.53,6.15,6.43,6.24,5.76,-0.09,0.39,0.26,0.65,1.12,0.21,3,0,5.455272204491304,57.64369025405192,7.465676831134448,78.66666666666617,78.98646307125817,0.8097965633023831,0.5599411764705877,52.0,0.006307514220253215,0.2834757834757856,101.10384429854976,0.0,0.16,0.07,0.09,-0.5294999999999987,0.4099780465768674,-1.468978046576865,1.8502676925802752,0.7818054141495451,16.652040698492442,258.49634326711947,14.042170284295338
102.22,102.16,102.27,102.0,2487,102.14,102.08,101.58,101.52,6.42,6.48,6.53,6.25,6.4,6.33,5.81,-0.06,0.28,-0.18,0.92,0.92,0.48,3,0,5.526138869456914,59.0587328990151,8.447664355284088,83.99999999999939,79.00292397660785,1.008503065058331,0.5891470588235279,52.0,0.009862250817367482,0.2259036144578318,101.18161364063677,0.0,0.17,0.09,0.08,-0.5649999999999977,0.4010538287279388,-1.5310538287279343,1.9017743564701737,0.79242676919151,17.11259625404798,249.9911513718161,11.897071802511107
102.15,102.13,102.23,102.0,2868,102.1,102.11,101.62,101.53,6.39,6.41,6.49,6.25,6.35,6.36,5.85,-0.02,0.24,-0.18,0.74,0.6,0.43,4,0,5.49262468033915,58.26246339270492,9.107216475529203,81.99999999999932,81.55555555555496,0.6603587620737253,0.5765882352941389,52.0,0.01294738261308917,0.22683706070287823,101.25471682219856,0.0,0.18,0.11,0.07,-0.4890000000000043,0.4869077825286183,-1.464907782528627,1.9203033864850263,0.7505359670014018,17.486683210569545,201.98670117584192,13.31554715030579
102.09,102.46,102.6,102.0,4932,102.17,102.16,101.68,101.56,6.73,6.34,6.87,6.25,6.43,6.42,5.92,0.39,0.62,0.33,0.68,1.25,0.82,4,0,5.785970929662696,64.07486500145535,11.11278935046413,91.51515151515143,85.83838383838338,1.1650868878356957,0.5961470588235329,80.0,0.016194252794417476,0.36463223787167265,101.32343381286665,0.0,0.2,0.12,0.08,-0.7314999999999969,0.20795250012972133,-1.6709525001297152,1.8469799517927,0.8893225042772213,20.117083210569515,405.6400295792919,21.111669447931703
102.5,102.46,102.69,102.3,3589,102.26,102.23,101.76,101.58,6.73,6.77,6.97,6.56,6.52,6.49,6.0,-0.04,0.41,0.47,0.46,1.37,0.83,4,0,5.785970929662696,64.07486500145535,12.767241780990346,85.53459119496833,86.34991423670635,1.0254387694734688,0.6593823529411793,80.0,0.01937753676045588,0.40865384615384603,101.42555910783732,0.0,0.22,0.14,0.08,-0.6539999999999822,0.2579078900854199,-1.5659078900853842,1.7914619768685576,0.8585888482326508,19.472903723389962,347.69145392510734,21.354492648696592
102.54,101.95,102.56,101.83,3070,102.23,102.19,101.81,101.6,6.2,6.81,6.83,6.07,6.49,6.45,6.05,-0.61,0.76,-0.14,0.13,0.51,0.66,4,0,5.214857573673189,51.00969928566447,11.230484579238787,53.45911949685577,76.83628740232517,0.13751104999508945,0.6760882352941167,80.0,0.02136228203588555,0.26395173453996945,101.55200319705358,0.0,0.19,0.15,0.04,-0.09650000000000603,0.7382280994431909,-0.931228099443203,1.639075926587102,0.5578032535770486,17.412218791883145,74.34981765009601,15.681013946054605
101.92,101.63,102.04,101.63,3181,102.13,102.11,101.84,101.62,5.86,6.17,6.29,5.86,6.39,6.36,6.08,-0.3,0.43,-0.55,-0.73,0.36,0.39,4,0,4.898298665588955,44.762189976012706,8.224181188886343,25.35211267605627,54.78194112262677,-0.3822779847088812,0.6069705882352991,80.0,0.021801999931735656,0.16366366366366403,0.0,102.69,0.14,0.15,-0.01,0.24100000000001387,1.0408474854621232,-0.5588474854620955,1.5703143887114277,0.34934627889667186,14.231218791883144,-81.6887277284925,10.165406701034499
101.82,101.82,101.86,101.42,3765,102.06,102.08,101.87,101.63,6.06,6.06,6.1,5.65,6.31,6.33,6.11,0.0,0.46,-0.32,-0.5,0.42,0.36,4,0,5.083217075601001,48.82220726817192,6.720454183624922,31.496062992125413,36.76909838834581,-0.009820288716493288,0.5110882352941246,80.0,0.021510894994997275,0.02453987730061513,0.0,102.6688,0.12,0.14,-0.02,0.06449999999999534,0.8512267632412573,-0.7222267632412667,1.5443502460948664,0.45900736887718196,17.31167333733758,32.173947661290924,2.579657243837886
101.75,101.59,101.91,101.41,4428,101.89,102.03,101.87,101.63,5.82,5.99,6.16,5.64,6.14,6.28,6.11,-0.17,0.52,-0.91,-0.57,-0.23,0.2,4,0,4.86067146696576,44.502642169794846,4.297556028227256,14.06250000000052,23.63689188939406,-0.7231505912244649,0.38264705882353667,76.0,0.020259087146520752,-0.05376344086021634,0.0,102.618848,0.08,0.13,-0.05,0.31099999999999284,1.0574556249369778,-0.4354556249369921,1.465060450706048,0.29168219140538515,16.0718333373377,-117.91375914745844,-8.586721687145861
101.58,101.59,101.77,101.33,2146,101.72,101.98,101.89,101.66,5.82,5.81,6.01,5.55,5.96,6.23,6.14,0.01,0.46,-0.91,-0.44,-0.45,0.83,4,0,4.86067146696576,44.502642169794846,2.3588079885077695,19.117647058823913,21.55873668364994,-0.6940371456500427,0.19350000000000023,72.0,0.018378481890952432,-0.09133126934984581,0.0,102.54631712,0.05,0.12,-0.07,0.3335000000000008,1.0107673032120204,-0.34376730321201876,1.3289718332122022,0.25378997449135815,16.46201515551958,-101.06893641210723,-5.480567663231824
101.67,101.7,101.83,101.52,2174,101.67,101.93,101.91,101.68,5.94,5.91,6.07,5.75,5.91,6.18,6.16,0.03,0.32,-0.26,-0.4,-0.14,0.69,4,0,4.9752302003801825,47.16336557831873,1.3382074732263427,27.205882352941522,20.12867647058864,-0.43078128059525916,0.08170588235293508,56.0,0.016333245452814157,-0.11627906976744484,0.0,102.4490117504,0.03,0.1,-0.07,0.23550000000000182,0.8875268399384311,-0.41652683993842743,1.2792929645480313,0.3194092746072845,16.81266031680998,-52.46765978180639,-10.08132096954111
101.75,101.94,101.99,101.66,2103,101.73,101.9,101.94,101.71,6.19,5.99,6.24,5.9,5.97,6.15,6.19,0.2,0.34,0.32,-0.23,-0.41,0.7,4,0,5.217914202510459,52.5751502054655,1.7422733930449166,44.852941176470566,30.392156862745324,-0.0686207234584917,0.06529411764705628,56.0,0.01469473881343373,-0.1275167785234933,0.0,102.359490810368,0.04,0.09,-0.05,0.028499999999993975,0.6071631144285021,-0.5501631144285142,1.1349840674885052,0.4753742727941621,18.278387589537285,27.13057732987869,-13.271540425160659
101.77,101.6,102.04,101.56,3179,101.68,101.81,101.95,101.72,5.83,6.01,6.29,5.79,5.92,6.05,6.2,-0.18,0.5,-0.23,-0.55,-0.73,0.41,4,0,4.870199681964531,45.390201023275836,0.26393641092216164,19.852941176470303,30.637254901960784,-0.47021943573668107,0.08435294117646208,56.0,0.012717527514700084,-0.11784511784511842,0.0,102.27713154553857,0.01,0.07,-0.06,0.3774999999999977,0.9266038153210303,-0.17160381532103486,1.0769117017401537,0.15625807955887813,15.629220922870507,-131.15379086010552,-12.725518183644787
101.89,101.72,101.91,101.49,2199,101.71,101.73,101.97,101.75,5.96,6.14,6.16,5.72,5.95,5.97,6.22,-0.18,0.44,0.14,-0.77,-0.44,1.05,4,0,4.993079987223775,48.12002011976306,-0.2871819302384547,28.676470588235347,31.12745098039206,-0.4306969459671082,0.0745588235294008,56.0,0.010804111795672837,-0.14189189189189477,0.0,102.20136102189548,0.0,0.06,-0.06,0.2530000000000001,0.8089532354435107,-0.3029532354435105,1.0903930166681584,0.2724628764880109,15.83864949429911,-74.7203921658033,-11.810880856258898
101.63,101.63,101.75,101.55,1273,101.72,101.69,101.96,101.78,5.86,5.86,5.99,5.78,5.96,5.93,6.21,0.0,0.21,0.04,-0.86,-0.4,0.75,4,0,4.901198340879036,46.229286675745755,-1.2059647628838637,22.058823529411566,23.529411764705728,-0.48957211397238815,0.07382352941175441,48.00000000000001,0.008821841324849191,-0.15130434782608726,0.0,102.13165214014384,-0.01,0.04,-0.05,0.3234999999999957,0.8985226082512696,-0.25152260825127826,1.1280095499443845,0.21870671225970967,15.584049494299073,-80.41319328497488,-12.981994297175575
101.65,101.67,101.85,101.55,1449,101.71,101.7,101.94,101.8,5.91,5.89,6.09,5.78,5.95,5.94,6.19,0.02,0.31,-0.03,-0.29,-0.43,0.7,4,0,4.944344151736754,47.23450538300693,-1.735829022372642,25.000000000000263,25.245098039215716,-0.7710325980870507,0.061323529411765776,48.0,0.006938233174077104,-0.15051903114186882,0.0,102.06751996893233,-0.02,0.03,-0.05,0.27550000000000807,0.8615196242448775,-0.31051962424486135,1.1496723724830804,0.2649396124276464,15.294249494299129,-60.645594244262895,-14.615723213253673
101.73,101.78,101.78,101.51,1762,101.68,101.69,101.94,101.82,6.02,5.97,6.02,5.74,5.92,5.93,6.19,0.05,0.28,-0.17,0.16,-0.4,0.52,4,0,5.064195942390848,50.03663181603864,-1.5557311102678617,33.08823529411787,26.715686274509892,-0.6636736287331569,0.010764705882351677,44.0,0.005399222173984343,-0.16151202749140836,0.0,102.00851837141775,-0.02,0.02,-0.04,0.13799999999999102,0.7004091037670719,-0.42440910376708985,1.1036501967602994,0.37731350801787245,17.056249494299127,-24.293366495082633,-9.129073572802383
101.64,101.64,101.8,101.38,1334,101.69,101.7,101.9,101.82,5.88,5.88,6.04,5.6,5.93,5.94,6.15,0.0,0.44,0.04,-0.19,-0.51,0.09,5,0,4.909622844288956,46.60062979267785,-2.1798378802567764,22.794117647059,26.9607843137257,-0.30407062285434255,-0.049029411764706765,-20.0,0.0038779292082679645,-0.2517730496453897,0.0,101.95423690170433,-0.02,0.01,-0.03,0.24500000000000455,0.7910952297906277,-0.30109522979061865,1.0719835692999424,0.27568015005923113,17.373868541918203,-47.502885567213795,-18.878715035048515
101.45,101.65,101.67,101.38,1262,101.67,101.7,101.87,101.83,5.89,5.68,5.91,5.6,5.91,5.94,6.11,0.21,0.3,-0.07,0.06,-0.84,0.41,5,0,4.921177096680341,46.88484305354746,-2.6375673074025157,26.016260162602144,27.299537701259666,0.01967922857424996,-0.10285294117646515,-20.0,0.002445491907520809,-0.35018050541516077,0.0,101.90429794956799,-0.03,0.0,-0.03,0.21049999999999613,0.7525876312922577,-0.33158763129226543,1.064372610172268,0.3058431996518779,18.461799576401003,-38.91390191475376,-27.52848438837856
101.59,101.66,101.67,101.52,1328,101.68,101.7,101.85,101.85,5.9,5.82,5.91,5.75,5.92,5.94,6.09,0.07,0.16,0.03,0.07,-0.83,0.54,5,0,4.93317791743581,47.19146334810344,-2.960291295895524,46.478873239435856,31.763083683032324,-0.15714005107051326,-0.13311764705882467,-20.000000000000007,0.0011485263651225097,-0.2419354838709673,0.0,101.85835411360254,-0.03,-0.0,-0.03,0.18299999999999272,0.7272462677869669,-0.36124626778698143,1.0687946501712915,0.33187757929502093,19.61273290973425,-31.45763021264781,-22.077290359716898
101.6,101.62,101.73,101.6,1327,101.67,101.66,101.83,101.85,5.85,5.83,5.97,5.83,5.91,5.9,6.07,0.02,0.14,-0.05,-0.08,-0.34,0.17,5,0,4.8849991407636395,46.03191197708362,-3.471663236376555,40.845070422535635,37.78006794152454,0.029530465597008698,-0.15702941176471086,-20.0,-8.098177577655697e-05,-0.07264957264957306,0.0,101.81608578451434,-0.04,-0.01,-0.03,0.19999999999998863,0.7411099703387833,-0.3411099703388061,1.0628756046725492,0.3151946822613835,18.694040602042122,-34.546540182268046,-15.870427034210138
101.68,101.52,101.7,101.38,1682,101.62,101.65,101.81,101.86,5.75,5.92,5.94,5.6,5.85,5.89,6.05,-0.17,0.33,-0.27,-0.44,-0.11,0.25,5,0,4.763634864830035,43.14093475592118,-4.517954173898174,26.76056338028107,38.02816901408418,-0.0689044197263583,-0.18258823529410506,-72.0,-0.0014042323622893162,-0.043859649122807376,0.0,101.7771989217532,-0.05,-0.02,-0.03,0.2680000000000007,0.8005260557005869,-0.2645260557005855,1.046343489803486,0.2483691200354296,18.48379060204209,-53.63989158480323,-13.294600120897634
101.47,101.4,101.57,101.26,1946,101.57,101.62,101.77,101.86,5.63,5.7,5.8,5.48,5.8,5.85,6.01,-0.07,0.32,-0.25,-0.21,-0.44,-0.02,5,0,4.6199123636130155,39.863522072994364,-6.150992820029165,17.948717948717995,28.518117250511555,-0.2949852507374603,-0.21788235294117442,-76.0,-0.002961002842289791,-0.11212814645308755,0.0,101.74142300801294,-0.07,-0.03,-0.04,0.35149999999998727,0.8853267509220615,-0.18232675092208694,1.0492754424692987,0.17077333667445063,18.295468021397006,-79.33704992982865,-9.668346184166467
101.32,101.54,101.59,101.26,1276,101.55,101.61,101.74,101.85,5.77,5.54,5.82,5.48,5.78,5.84,5.98,0.23,0.34,-0.11,-0.19,-0.05,-0.28,5,0,4.810520018371122,45.16542098629822,-6.51955152596874,35.89743589743599,26.868905742145007,-0.39238767902687016,-0.24641176470588277,-76.0,-0.0043329680230694825,-0.05868544600938619,0.0,101.7,-0.07,-0.04,-0.03,0.16549999999999443,0.5956848439914921,-0.26468484399150327,0.8459421447050508,0.3076408289232228,19.18480135473036,-42.483185654138744,-2.98027220289606
101.51,101.82,101.93,101.46,2915,101.58,101.63,101.71,101.85,6.06,5.74,6.18,5.69,5.81,5.86,5.95,0.32,0.49,0.17,0.2,0.24,-0.21,5,0,5.167800464846396,54.011678368207974,-4.788762544519285,71.79487179487016,41.880341880341376,0.21653543307086506,-0.24038235294118238,-76.0,-0.004976446018866063,0.00904977375565752,101.26,0.0,-0.05,-0.04,-0.01,-0.14650000000000318,0.11756627955870158,-0.41056627955870795,0.5194397351496797,0.7773924793518262,20.735333269623847,80.18584086787561,-1.4084444808110135
101.85,102.16,102.18,101.79,3733,101.69,101.67,101.7,101.86,6.42,6.09,6.44,6.03,5.93,5.91,5.94,0.32,0.41,0.56,0.51,0.48,0.34,5,0,5.555514228911539,62.109141038996185,-0.9749875607824846,97.82608695652063,68.50613154960892,0.43255996854109097,-0.1959411764705692,-76.0,-0.004441968122847642,0.07142857142857562,101.26,0.0,-0.01,-0.03,0.02,-0.4759999999999991,-0.15766684118680985,-0.7943331588131883,0.6261224161386044,1.2476443889392859,24.085461474751856,250.04786360103805,1.7521246682822706
102.12,102.18,102.2,101.84,3393,101.82,101.73,101.71,101.85,6.44,6.38,6.46,6.08,6.06,5.97,5.95,0.06,0.37,0.69,0.42,0.25,-0.16,5,0,5.57729577684161,62.53248746271164,2.203679574430476,97.87234042553233,89.16443305897438,0.5411787857916082,-0.12141176470588277,-76.0,-0.0030940969901155657,0.10091743119265939,101.2968,0.0,0.03,-0.02,0.05,-0.4685000000000059,-0.0851842032996899,-0.8518157967003219,0.7537314791352325,1.1111149136468912,27.10146147475193,224.02102594375188,13.983448577003756
102.12,102.26,102.4,102.05,4403,101.99,101.8,101.74,101.85,6.52,6.38,6.67,6.3,6.24,6.04,5.98,0.15,0.36,0.9,0.65,0.69,-0.04,5,0,5.665951021354623,64.27425920290523,5.316703960160118,87.71929824561398,94.47257520922231,0.5803088423330416,0.021029411764700967,-76.0,-0.0010995419846724036,0.24475524475524557,101.350992,0.0,0.07,-0.0,0.07,-0.5264999999999986,-0.0761545770189258,-0.9768454229810715,0.885343417814334,1.0845512945538767,27.982061474752,242.33802223750058,24.29161128669915
102.35,102.24,102.38,102.0,2949,102.13,101.86,101.76,101.85,6.5,6.61,6.65,6.25,6.39,6.1,6.0,-0.11,0.4,0.73,0.61,0.54,0.1,5,0,5.636476439932279,63.4695657366595,7.710772379142915,85.96491228070082,90.51885031728239,0.45195519748476487,0.16358823529411382,-72.0,0.0012063069176303347,0.24161073825503165,101.43491264000001,0.0,0.09,0.02,0.07,-0.47400000000000375,0.021758005482539033,-0.9697580054825465,0.9743097016342253,0.9780558203378269,28.758114106330915,199.29259048928193,20.21274511810671
102.14,102.27,102.4,102.0,2067,102.22,101.93,101.79,101.86,6.53,6.4,6.67,6.25,6.48,6.18,6.03,0.14,0.42,0.47,0.64,0.67,0.27,5,0,5.671718798331974,64.20293157704774,9.892839635597248,88.59649122806934,87.42690058479472,0.6198347107437971,0.25414705882351996,28.0,0.0036767400309357773,0.21881838074398385,101.51211962880001,0.0,0.11,0.03,0.08,-0.46999999999999886,0.06456524391326468,-1.0045652439132624,1.0502264124032683,0.9396095755864922,29.481564106330836,179.6807918479563,20.8085535860844
102.3,102.18,102.33,102.14,1280,102.23,102.01,101.82,101.87,6.44,6.56,6.59,6.4,6.49,6.26,6.06,-0.12,0.2,0.02,0.58,0.53,0.1,5,0,5.531855701004455,60.24475726065105,10.969570556034787,80.70175438596502,85.08771929824506,0.5213969503197257,0.29797058823528744,28.0,0.0059711739641912735,0.2628062360801743,101.583150058496,0.0,0.12,0.05,0.07,-0.35600000000000875,0.20107809147376088,-0.9130780914737784,1.0941980112228349,0.8195243229348674,28.74051147475198,137.55496444110742,16.205052837574655
102.21,101.88,102.29,101.76,2042,102.17,102.06,101.83,101.86,6.12,6.47,6.55,6.0,6.43,6.31,6.07,-0.34,0.55,-0.31,0.37,0.1,-0.29,5,0,5.094854724855766,49.212117951766814,9.346535193146858,54.385964912279825,74.56140350877139,0.2164076332874276,0.3042647058823462,28.0,0.007461497941747532,0.18913043478261138,101.64849805381633,0.0,0.1,0.06,0.04,-0.0589999999999975,0.49619005754790635,-0.6141900575479013,1.0905217146716373,0.55313495729785,27.623190720034923,30.38996952094591,14.711069698659372
102.11,101.75,102.12,101.63,2465,102.06,102.08,101.82,101.84,5.99,6.36,6.38,5.86,6.31,6.33,6.06,-0.37,0.51,-0.53,0.36,0.11,-0.4,6,0,4.919140744780938,45.29122581811998,6.963567712529149,42.98245614035041,59.356725146198414,0.12792757331233562,0.24235294117646333,28.0,0.008085009438340994,0.1458333333333326,0.0,102.4,0.07,0.06,0.01,0.07849999999999113,0.6255383898777467,-0.4685383898777644,1.074430812351661,0.4282500081780977,26.365537658810457,-19.7300261249019,12.334043834376104
101.71,101.7,101.84,101.54,3314,101.96,102.07,101.82,101.82,5.94,5.95,6.08,5.77,6.21,6.32,6.06,-0.01,0.31,-0.56,0.17,0.05,-0.79,6,0,4.851981820119483,43.82614584751194,4.626080401147295,38.59649122806996,45.321637426900054,0.17730496453901382,0.15500000000000114,27.999999999999993,0.007989387022288501,0.03838383838384052,0.0,102.3846,0.05,0.06,-0.01,0.12749999999999773,0.675400538419197,-0.42040053841920155,1.0761347149231775,0.38364676518856844,26.586470992143745,-40.582879535628855,4.976939392882805
101.57,101.62,101.85,101.54,3312,101.83,102.01,101.82,101.79,5.85,5.8,6.09,5.77,6.07,6.26,6.06,0.05,0.32,-0.68,-0.21,-0.04,-0.87,6,0,4.743851142101567,41.48388519293613,2.067997229755217,31.578947368420987,37.71929824561378,0.21696252465483123,0.06547058823528573,28.0,0.0072471429776197705,0.011695906432748981,0.0,102.35081600000001,0.02,0.05,-0.03,0.20699999999999363,0.7556383143748207,-0.3416383143748334,1.0775890763251927,0.31135112643757845,24.983890346982484,-72.63675388768107,-1.5825361529308566
101.62,101.57,101.69,101.44,2577,101.7,101.94,101.81,101.78,5.8,5.85,5.93,5.67,5.94,6.19,6.05,-0.05,0.26,-0.64,-0.61,-0.05,-0.4,6,0,4.675890493353949,40.0253864617967,-0.43594029920050764,27.19298245613929,32.45614035087674,0.029545006893822064,-0.051764705882362705,28.0,0.005993678014193835,0.009881422924900463,0.0,102.31838336000001,-0.0,0.04,-0.04,0.25200000000000955,0.8080431637922203,-0.3040431637922012,1.09218668616254,0.273398886624762,25.08697034698239,-80.66721761801654,-2.7296833425777507
101.47,101.42,101.68,101.24,3045,101.61,101.85,101.8,101.77,5.65,5.7,5.92,5.46,5.84,6.09,6.04,-0.05,0.46,-0.48,-0.79,-0.1,-0.22,6,0,4.475192582048687,35.89517299588047,-3.69488385278389,15.517241379310788,24.763057067957018,-0.39285012767628313,-0.14550000000001262,28.0,0.004152246990956185,0.017341040462428348,0.0,102.26568035840002,-0.04,0.03,-0.07,0.38400000000000034,0.9669716974262457,-0.198971697426245,1.145282498578141,0.1706529650621829,24.53333398334605,-134.3933293868676,-4.0645455637925565
101.33,101.61,101.61,101.28,3076,101.58,101.78,101.79,101.76,5.84,5.55,5.84,5.5,5.81,6.02,6.03,0.29,0.34,-0.15,-0.68,0.22,-0.22,6,0,4.771796415116556,43.895142489867155,-4.727564844842644,31.896551724138025,24.868925186529367,-0.5383711824588853,-0.20635294117646197,28.0,0.0023525271642998264,0.007707129094410736,0.0,102.18362592972802,-0.05,0.01,-0.06,0.19249999999999545,0.7773033857631475,-0.3923033857631566,1.1488978871111262,0.33541476957354793,27.60933398334605,-31.702853760173255,-1.6742135789938501
101.45,101.42,101.7,101.4,3557,101.53,101.68,101.78,101.76,5.65,5.68,5.94,5.63,5.76,5.92,6.02,-0.03,0.31,-0.29,-0.85,-0.13,-0.18,6,0,4.518661070726824,38.63532442107145,-7.029231001409143,15.517241379310788,20.977011494253198,-0.743785476609909,-0.2065588235294058,28.0,0.0002889807130468662,-0.05776892430278702,0.0,102.10813585534979,-0.07,-0.01,-0.06,0.3710000000000093,0.9760421472922758,-0.23404214729225714,1.1887930117441943,0.19340978834256545,24.52660065001263,-123.72101750871879,-0.8802807049820913
101.54,101.79,101.8,101.35,3170,101.56,101.64,101.79,101.76,6.03,5.77,6.04,5.57,5.79,5.88,6.03,0.26,0.47,0.18,-0.5,-0.03,0.21,6,0,5.052031946311365,51.08671312545211,-5.6468073575554545,47.41379310344882,31.609195402299207,-0.45961275180911293,-0.2123235294117478,28.0,-0.0011534788945792584,-0.1614173228346495,0.0,102.03868498692181,-0.05,-0.01,-0.04,0.007499999999993179,0.6095589672117114,-0.5945589672117251,1.182856096096109,0.49377137422707323,27.555711761123867,61.51055642110022,-1.6019423374870172
101.52,101.54,101.8,101.48,2948,101.56,101.6,101.79,101.76,5.77,5.75,6.04,5.71,5.79,5.83,6.03,0.02,0.33,-0.03,-0.67,-0.65,-0.17,6,0,4.72768286838791,44.440089074347334,-6.444713351476309,25.86206896551798,29.59770114942586,-0.6846635367762017,-0.1915882352941196,28.000000000000004,-0.0025952725525490166,-0.1507936507936516,0.0,101.97479018796807,-0.06,-0.02,-0.04,0.2535000000000025,0.8612589982880081,-0.3542589982880031,1.1941017811314192,0.2914469380839397,25.713211761123933,-52.562380210485514,-9.5114473591033
101.68,101.62,101.68,101.47,1803,101.6,101.59,101.79,101.75,5.85,5.92,5.92,5.7,5.83,5.82,6.03,-0.06,0.22,0.21,-0.27,-0.58,-0.33,6,0,4.838337492823799,46.85389917139814,-6.395241280625133,32.7586206896557,35.344827586207494,-0.635572504155658,-0.16667647058822865,28.0,-0.0038161993046605587,-0.26530612244897867,0.0,101.91600697293062,-0.06,-0.03,-0.03,0.17849999999999966,0.7787757699591396,-0.42177576995914023,1.1793410904073043,0.3513183365604196,26.48592604683822,-24.447754466130885,-18.453079747412247
101.57,101.3,101.7,101.3,2282,101.53,101.54,101.77,101.74,5.52,5.8,5.94,5.52,5.76,5.77,6.01,-0.28,0.42,-0.32,-0.47,-1.0,-0.31,6,0,4.448630849399651,39.38696058351044,-8.620027120683202,5.172413793103596,21.26436781609242,-0.8612252887062142,-0.15097058823528187,-52.0,-0.005443211651377212,-0.2804878048780469,0.0,101.86192641509616,-0.09,-0.04,-0.05,0.4935000000000116,1.108456095993887,-0.12145609599386376,1.2082423651684544,0.09875184324953289,24.20392604683822,-125.27521811382887,-17.865589700049952
101.45,101.54,101.62,101.3,2205,101.56,101.53,101.78,101.73,5.77,5.68,5.85,5.52,5.79,5.76,6.02,0.09,0.33,0.13,-0.17,-0.73,-0.19,6,0,4.777814754573258,46.37868248654466,-8.376264232697714,27.52293577981747,21.817990087525587,-0.3337259521004998,-0.16632352941176975,-52.0,-0.0068014454749235785,-0.3057851239669418,0.0,101.81217230188847,-0.09,-0.05,-0.04,0.2535000000000025,0.8684560959938779,-0.36145609599387285,1.2082423651684544,0.2938877249518905,25.30642604683827,-31.778758383279026,-17.640762889159305
101.48,101.46,101.62,101.42,1612,101.49,101.52,101.78,101.73,5.69,5.71,5.85,5.65,5.72,5.75,6.02,-0.02,0.21,-0.34,-0.17,-0.84,-0.18,6,0,4.6812622360580205,44.51162025768366,-8.722936662527845,20.95238095238062,17.88257684176723,-0.28501228501229114,-0.1727647058823294,-52.0,-0.008061562286627418,-0.2948453608247392,0.0,101.76639851773739,-0.09,-0.06,-0.03,0.3155000000000143,0.947147844926306,-0.31614784492627734,1.2412571688201808,0.2502564106453726,24.339226046838128,-45.66179289995633,-13.61491856630164
101.47,101.4,101.54,101.33,1157,101.46,101.52,101.76,101.72,5.63,5.7,5.77,5.55,5.69,5.75,6.0,-0.07,0.22,-0.15,-0.18,-0.81,-0.28,6,0,4.608379080954577,43.09226999481127,-9.38753331903296,18.18181818181921,22.2190449713391,-0.2949852507374603,-0.20229411764705674,-52.0,-0.00930131269796528,-0.2604856512141278,0.0,101.7242866363184,-0.1,-0.07,-0.03,0.3374999999999915,0.9634672515395692,-0.2884672515395863,1.230553633693727,0.23041720699453197,23.953559380171516,-49.05582248567488,-12.723492871477255
101.43,101.5,101.57,101.32,1539,101.44,101.51,101.73,101.71,5.73,5.66,5.8,5.54,5.67,5.74,5.97,0.07,0.26,-0.13,0.08,-0.4,-0.29,6,0,4.750517933903113,46.2107908232539,-9.120746763984796,42.62295081967301,27.25238331795761,-0.11808699074985687,-0.21785294117646004,-52.0,-0.010264236705987447,-0.20046620046620267,0.0,101.68554370541293,-0.1,-0.07,-0.03,0.20349999999999113,0.8029422407538505,-0.3959422407538682,1.1788035628151625,0.33025887553063554,24.6307193801716,-20.062133559151153,-7.42562290245619
101.43,101.67,101.67,101.35,2270,101.51,101.54,101.7,101.71,5.91,5.66,5.91,5.57,5.74,5.77,5.94,0.25,0.33,0.39,0.06,-0.08,0.03,7,0,4.985044924446158,51.17299836971211,-7.571846406633035,70.4918032786897,43.76552409339397,0.09845426799252588,-0.21026470588235213,-52.0,-0.010654095699503511,-0.08352668213457337,101.24,0.0,-0.08,-0.08,0.0,0.0040000000000048885,0.5463430648583909,-0.5383430648583811,1.0668274383979897,0.4963122972716086,26.900719380171598,37.93245694929956,0.43745037856199076
101.52,101.91,102.03,101.5,4389,101.59,101.55,101.69,101.72,6.16,5.75,6.28,5.73,5.82,5.78,5.93,0.41,0.55,0.39,0.51,0.22,0.27,7,0,5.294720883450839,57.24727355246113,-4.508238207861952,84.81012658227803,65.97496022688024,0.4831394202326907,-0.1526470588235327,-52.0,-0.010161754249160474,0.03090507726269298,101.2486,0.0,-0.05,-0.07,0.02,-0.2524999999999977,0.23751530588337744,-0.7425153058833729,0.9640514588365348,0.7576450132968839,29.30224768205832,182.99353452796785,11.251351297323865
101.91,101.8,102.05,101.76,3123,101.66,101.58,101.66,101.72,6.04,6.16,6.3,6.0,5.9,5.81,5.9,-0.11,0.3,0.35,0.01,0.19,0.15,7,0,5.142838236382965,53.89490235496015,-2.8585557456269433,69.13580246913588,74.81257744336786,0.18698946954039733,-0.0816764705882349,-52.0,-0.009290627581582103,0.14879649890590851,101.279856,0.0,-0.03,-0.06,0.03,-0.16599999999999682,0.2425780219247855,-0.5745780219247791,0.8040183834637668,0.7031435749015359,27.04076492343748,107.77588673825842,18.96812533471521
101.95,101.88,102.0,101.76,1731,101.75,101.61,101.65,101.73,6.12,6.2,6.25,6.0,5.99,5.84,5.89,-0.07,0.25,0.5,0.35,0.32,0.27,7,0,5.2463227788212725,55.94186206131836,-0.9631309029891773,77.92207792207759,77.2893356578305,0.4535594557286469,0.00041176470587345193,-52.0,-0.008031320331364344,0.1922196796338672,101.32606464,0.0,-0.01,-0.05,0.04,-0.2609999999999957,0.08326152849247137,-0.6052615284924627,0.677553466364493,0.8790722726743874,27.04076492343738,112.16218863279252,26.527047519431193
101.94,101.77,102.0,101.72,1668,101.81,101.66,101.63,101.74,6.01,6.19,6.25,5.96,6.05,5.9,5.86,-0.18,0.29,0.28,0.16,0.36,0.26,7,0,5.090705786195328,52.44894432068072,-0.23506346888054366,62.666666666666515,69.90818235262667,-0.019648295510374527,0.07547058823527664,-52.0,-0.006761449677114067,0.1921296296296282,101.3695007616,0.0,0.0,-0.04,0.04,-0.1564999999999941,0.17415238544424483,-0.487152385444233,0.6508040475807622,0.7366533660262768,25.968479209151628,69.92759025667945,20.548730509516048
101.79,101.77,101.84,101.53,1750,101.83,101.68,101.62,101.75,6.01,6.03,6.08,5.76,6.07,5.92,5.85,-0.02,0.32,0.1,0.49,0.17,0.39,7,0,5.090705786195328,52.44894432068072,0.3533467160216847,62.666666666666515,67.75180375180354,0.22651171951939114,0.10576470588235054,-52.0,-0.005525831397702271,0.062355658198612995,101.410330715904,0.0,0.01,-0.03,0.04,-0.15550000000000352,0.17691389862633855,-0.4879138986263456,0.6542646937717395,0.7338951539670684,26.92815662850639,59.937934505725245,13.339868468095688
101.67,101.72,101.95,101.67,2010,101.79,101.71,101.62,101.76,5.96,5.91,6.2,5.91,6.03,5.95,5.85,0.05,0.29,-0.2,0.19,0.31,0.19,7,0,5.017052055607942,50.73531745212607,0.46115787539728553,56.00000000000023,60.44444444444442,0.0984058256248714,0.10844117647059193,-52.00000000000001,-0.004451455838566341,0.11298076923077172,101.44871087294976,0.0,0.01,-0.02,0.03,-0.10450000000000159,0.2290550929006514,-0.4380550929006546,0.6565043578994406,0.65664578689423,25.636013771363487,37.01822957633675,11.94838079070334
101.89,101.77,101.92,101.63,2337,101.78,101.75,101.62,101.76,6.01,6.14,6.17,5.86,6.02,5.99,5.85,-0.13,0.3,-0.03,0.32,-0.02,-0.05,7,0,5.091162398256606,52.43080224865628,0.9306184104871921,62.666666666666515,60.44444444444442,0.46396841066140065,0.07920588235292314,-48.0,-0.003426568955887779,0.06537530266343661,101.48478822057278,0.0,0.01,-0.02,0.03,-0.14699999999999136,0.19329986776367036,-0.4872998677636531,0.6697300173458011,0.7159859787281535,25.555427564466896,48.42276820828769,13.206477753940234
101.66,101.54,101.86,101.46,2837,101.71,101.76,101.62,101.74,5.77,5.9,6.1,5.69,5.95,6.0,5.85,-0.12,0.42,-0.35,0.15,0.0,-0.65,7,0,4.751925319245353,44.70928981494515,-0.4805213990499487,32.000000000001215,50.22222222222265,0.0,0.03167647058822354,24.0,-0.0029138583704032563,0.03935185185184864,0.0,102.05,-0.0,-0.01,0.01,0.08149999999999125,0.4229835281532104,-0.2599835281532279,0.6720694501719009,0.3806677434183249,23.85322756446706,-51.71048439289211,11.092195083086743
101.65,101.64,101.7,101.46,2062,101.69,101.76,101.62,101.72,5.88,5.89,5.94,5.69,5.93,6.0,5.85,-0.01,0.25,-0.14,0.15,0.02,-0.56,7,0,4.905920679963667,48.31927325127663,-0.8380497794055759,45.33333333333379,46.66666666666717,0.1774098166765295,-0.029176470588240022,24.0,-0.0025686113787575546,0.038461538461537215,0.0,102.0382,-0.01,-0.01,0.0,-0.007499999999993179,0.32124762356552594,-0.3362476235655123,0.6469340487846291,0.5114069265636813,24.88422756446706,-14.866129479623492,11.522299384157549
101.62,101.47,101.7,101.42,1454,101.63,101.71,101.62,101.69,5.7,5.85,5.94,5.65,5.86,5.95,5.85,-0.16,0.29,-0.31,-0.21,0.18,-0.82,7,0,4.663190851852225,43.100452796278624,-2.459314703387514,20.54794520548012,32.6270928462717,0.06903353057198537,-0.058147058823522,24.0,-0.002671856419610309,0.04854368932038866,0.0,102.026636,-0.02,-0.01,-0.01,0.15550000000000352,0.4917424720346446,-0.18074247203463756,0.6617285465451901,0.26876805737976006,23.94951327875274,-48.053825268249064,5.711346780505927
101.57,101.57,101.61,101.4,2174,101.6,101.68,101.62,101.67,5.8,5.8,5.84,5.63,5.83,5.92,5.85,0.0,0.22,-0.16,-0.35,0.03,-0.7,7,0,4.820489794603198,46.78850502223968,-2.947448954677024,34.24657534246557,33.37595129375982,0.06896551724137259,-0.11355882352938806,24.0,-0.002873889027179766,-0.007263922518159993,0.0,102.00237056,-0.03,-0.02,-0.01,0.0630000000000166,0.38704320699558536,-0.26104320699555217,0.6376732104642562,0.4027907411111412,25.29532280256211,-10.131850229929537,-0.5891545644377487
101.59,101.76,101.8,101.5,2418,101.6,101.67,101.64,101.65,6.0,5.82,6.04,5.73,5.83,5.91,5.88,0.18,0.31,-0.01,-0.04,0.31,-0.53,7,0,5.106449731213275,53.09066841330204,-1.7725221935943307,60.27397260274103,38.35616438356224,0.08852168781351766,-0.12870588235296054,24.000000000000007,-0.0027629186633652625,0.10189573459715429,0.0,101.9662283264,-0.02,-0.02,0.0,-0.1285000000000167,0.19288917218842982,-0.44988917218846325,0.6324597633380331,0.699913393355814,27.06852280256223,56.946985517207374,5.05636924271316
101.62,101.84,101.9,101.61,3135,101.66,101.68,101.64,101.64,6.08,5.85,6.15,5.84,5.9,5.92,5.88,0.23,0.3,0.31,-0.04,0.46,-0.35,7,0,5.222341188207983,55.51093086849332,-0.1760480353057955,70.00000000000101,54.84018264840253,-0.06868805809046528,-0.10191176470590335,23.999999999999996,-0.002287961314265828,0.14553990610329004,0.0,101.932254626816,-0.0,-0.01,0.01,-0.19350000000000023,0.1372733362893399,-0.5242733362893404,0.6508307443725856,0.7924963695240815,28.906281423251865,84.6402733004627,7.214473063290761
101.75,101.97,102.18,101.73,5621,101.72,101.7,101.66,101.64,6.22,5.99,6.44,5.97,5.96,5.94,5.9,0.23,0.47,0.34,0.21,0.49,0.09,7,0,5.406791869970543,59.23904733329365,2.1617289394210206,73.0769230769221,67.78363189322137,0.16699410609037496,-0.018970588235291075,76.0,-0.0013353858619411867,0.20273348519362455,101.4,0.0,0.02,-0.01,0.03,-0.3059999999999974,0.05313228760442712,-0.6651322876044219,0.7065082774717196,0.9260268577369587,29.28101475658503,176.93880568610723,11.137801307307726
102.14,102.09,102.2,101.94,4500,101.85,101.74,101.68,101.66,6.34,6.4,6.46,6.19,6.09,5.98,5.92,-0.05,0.27,0.65,0.33,0.44,0.35,8,0,5.571473691165466,62.41097764536838,4.9941376806307,86.25000000000003,76.44230769230771,0.20612485276797016,0.08655882352941546,80.0,0.0001293399506457101,0.14805825242718373,101.41560000000001,0.0,0.05,0.0,0.05,-0.3865000000000123,-0.022451926251491727,-0.7505480737485328,0.7159007777481022,1.0308364854403833,29.973322448892816,228.80469058809484,11.2672571900914
102.19,102.12,102.2,101.9,3453,101.96,101.78,101.72,101.67,6.38,6.45,6.46,6.15,6.21,6.02,5.96,-0.07,0.31,0.57,0.42,0.22,0.44,8,0,5.6125100749555195,63.192152582133396,7.516397631125255,90.00000000000018,83.1089743589741,0.3439127444237089,0.19997058823530267,84.0,0.0019315795988501477,0.07021791767554586,101.446976,0.0,0.07,0.02,0.05,-0.38750000000001705,0.010639422815700073,-0.7856394228157342,0.7827182519169729,0.9866385715581039,31.58472244889284,210.916877646939,2.3009008342318324
102.12,102.49,102.58,102.06,8335,102.1,101.88,101.77,101.7,6.76,6.38,6.85,6.31,6.35,6.12,6.01,0.39,0.54,0.76,0.75,0.72,0.91,8,0,6.07998801696233,71.2351570216148,12.331042641383744,92.37288135593187,89.54096045197736,0.7074776456716113,0.3314705882352911,88.0,0.004589264173781722,0.1995464852607688,101.47709696000001,0.0,0.12,0.04,0.08,-0.7060000000000031,-0.20818879080513852,-1.2038112091948676,0.9781718328909546,1.209104161336436,37.034530141200406,621.3501808402219,9.541476451359543
102.4,102.38,102.6,102.26,6700,102.21,101.97,101.81,101.73,6.65,6.67,6.87,6.52,6.47,6.22,6.05,-0.02,0.35,0.56,0.87,0.52,0.84,8,0,5.885452364022395,66.52087698718822,15.079325260641015,81.66666666666659,88.01318267419954,0.6488399528116364,0.45455882352941046,88.0,0.007485339764212058,0.25503355704697916,101.54327114240002,0.0,0.15,0.06,0.09,-0.546999999999997,-0.0180727838349668,-1.0759272161650273,1.03881299021934,1.017084376907283,35.063941905906056,427.3001550059051,17.153053524658574
102.46,102.41,102.55,102.13,4121,102.3,102.07,101.86,101.76,6.68,6.73,6.82,6.39,6.56,6.32,6.1,-0.05,0.44,0.46,0.8,0.67,1.03,8,0,5.922579712840632,67.16734074240934,17.46234503263617,84.1666666666667,86.06873822975506,0.6288690183747672,0.5178823529411574,88.0,0.010459291005575543,0.28602620087335895,101.62780945100802,0.0,0.17,0.08,0.09,-0.5314999999999941,0.030541813391238293,-1.0935418133912265,1.1033570643290436,0.9728295896643739,36.437608572572714,383.91870429077653,14.016005917656003
102.37,102.4,102.53,102.15,4610,102.36,102.16,101.9,101.78,6.67,6.64,6.8,6.41,6.62,6.42,6.15,0.03,0.4,0.32,0.97,0.66,0.82,8,0,5.904049347861568,66.69900557240115,19.28551555350245,83.33333333333412,83.0555555555558,0.8469568642899343,0.5527647058823533,76.0,0.013317516286686398,0.2264957264957267,101.70558469492738,0.0,0.18,0.1,0.08,-0.48500000000001364,0.11187519633513432,-1.0818751963351616,1.1713196219107058,0.9062825888711281,37.893398046257005,322.4874608206716,7.169115855749091
102.36,103.11,103.43,102.15,14739,102.56,102.31,101.97,101.84,7.41,6.62,7.74,6.41,6.83,6.57,6.22,0.78,1.33,1.03,1.6,1.45,1.76,8,0,6.674826919732522,78.37688149420553,25.29571539130293,84.2364532019701,83.91215106732363,1.446280991735536,0.6685588235294233,92.0,0.01731203987110134,0.3580246913580273,101.77713791933319,0.0,0.25,0.13,0.12,-1.1350000000000051,-0.34287627229065265,-1.9271237277093576,1.5535645554485953,1.2164284822537605,45.26289804625684,1771.3735378462768,18.77959276882666
103.24,103.67,103.7,102.95,11557,102.79,102.52,102.06,101.9,7.99,7.54,8.02,7.24,7.07,6.79,6.31,0.45,0.78,1.23,1.99,1.98,1.96,8,0,7.120756100523853,83.38899415383119,32.774234518986816,98.69565217391299,88.75514623640572,2.168128510889921,0.8177941176470682,96.0,0.022935949077415335,0.5531561461794045,101.94242412739987,0.0,0.34,0.17,0.17,-1.6015000000000015,-0.5240163574326431,-2.67898364256736,2.111295145059168,1.243166734384965,55.89533804625681,2442.8801752968125,26.228001985376977
103.25,103.08,103.7,103.0,12683,102.93,102.64,102.12,101.96,7.37,7.55,8.02,7.29,7.22,6.92,6.38,-0.18,0.73,0.73,1.29,1.6,1.6,8,0,6.205806343519307,65.8466149417618,32.45136298228001,73.04347826086934,85.32519454558414,1.486659446687019,0.9462058823529418,48.0,0.028230073634109294,0.5462962962962981,102.15,0.0,0.36,0.21,0.15,-0.9514999999999958,0.20784938650963625,-2.110849386509628,2.2703738652964294,0.9103594701786175,46.11130947482817,1024.9015788258332,16.669035984912497
103.1,103.25,103.28,102.78,12487,103.1,102.77,102.18,102.01,7.55,7.4,7.58,7.06,7.4,7.05,6.44,0.16,0.52,0.88,1.33,1.68,1.7,8,0,6.346933011268229,67.96493161957385,32.98650643546895,80.4347826086955,84.0579710144926,1.4642295597484225,1.0375882352941233,48.0,0.03334490945350417,0.43880597014925415,102.336,0.0,0.39,0.25,0.14,-1.0474999999999994,0.19670054653592217,-2.291700546535921,2.434775169953615,0.9209530380437575,57.09986947482811,1181.7427818507172,9.003194038791833
