index,Start_DateTime,End_DateTime,Start_Timestamp,End_Timestamp,Open,Close,High,Low,Volume
0,2020-06-05 09:30:00-04:00,2020-06-05 09:31:00-04:00,1591363800000000000,1591363860000000000,877.84,874.0,879.4,872.15,216123.0
1,2020-06-05 09:32:00-04:00,2020-06-05 09:33:00-04:00,1591363920000000000,1591363980000000000,874.005,874.21,875.587,872.24,72877.0
2,2020-06-05 09:34:00-04:00,2020-06-05 09:35:00-04:00,1591364040000000000,1591364100000000000,874.385,874.445,875.0,873.71,73545.0
3,2020-06-05 09:36:00-04:00,2020-06-05 09:37:00-04:00,1591364160000000000,1591364220000000000,874.75,876.29,876.77,874.29,103060.0
4,2020-06-05 09:38:00-04:00,2020-06-05 09:39:00-04:00,1591364280000000000,1591364340000000000,876.3082,873.7315,878.17,873.721,83754.0
5,2020-06-05 09:40:00-04:00,2020-06-05 09:41:00-04:00,1591364400000000000,1591364460000000000,874.19,876.45,876.61,873.72,52647.0
6,2020-06-05 09:42:00-04:00,2020-06-05 09:43:00-04:00,1591364520000000000,1591364580000000000,876.3886,875.265,876.62,872.88,89130.0
7,2020-06-05 09:44:00-04:00,2020-06-05 09:45:00-04:00,1591364640000000000,1591364700000000000,875.1,875.41,876.75,874.68,60582.0
8,2020-06-05 09:46:00-04:00,2020-06-05 09:47:00-04:00,1591364760000000000,1591364820000000000,875.16,874.695,875.86,873.09,72044.0
9,2020-06-05 09:48:00-04:00,2020-06-05 09:49:00-04:00,1591364880000000000,1591364940000000000,875.0,877.34,878.0,874.38,95839.0
10,2020-06-05 09:50:00-04:00,2020-06-05 09:51:00-04:00,1591365000000000000,1591365060000000000,877.33,876.17,878.02,876.1402,72321.0
11,2020-06-05 09:52:00-04:00,2020-06-05 09:53:00-04:00,1591365120000000000,1591365180000000000,876.26,878.4434,878.67,876.02,103024.0
12,2020-06-05 09:54:00-04:00,2020-06-05 09:55:00-04:00,1591365240000000000,1591365300000000000,878.5757,878.695,880.95,878.225,134924.0
13,2020-06-05 09:56:00-04:00,2020-06-05 09:57:00-04:00,1591365360000000000,1591365420000000000,878.8313,877.88,878.97,877.1,79011.0
14,2020-06-05 09:58:00-04:00,2020-06-05 09:59:00-04:00,1591365480000000000,1591365540000000000,877.9554,876.7388,878.0,876.1111,43343.0
15,2020-06-05 10:00:00-04:00,2020-06-05 10:01:00-04:00,1591365600000000000,1591365660000000000,877.06,876.5,877.1,874.57,65201.0
16,2020-06-05 10:02:00-04:00,2020-06-05 10:03:00-04:00,1591365720000000000,1591365780000000000,876.43,875.27,876.47,875.2,51920.0
17,2020-06-05 10:04:00-04:00,2020-06-05 10:05:00-04:00,1591365840000000000,1591365900000000000,875.74,874.8109,875.77,873.9,64588.0
18,2020-06-05 10:06:00-04:00,2020-06-05 10:07:00-04:00,1591365960000000000,1591366020000000000,875.006,875.12,876.0,874.5,32651.0
19,2020-06-05 10:08:00-04:00,2020-06-05 10:09:00-04:00,1591366080000000000,1591366140000000000,875.0324,873.0602,875.1999,873.04,51578.0
20,2020-06-05 10:10:00-04:00,2020-06-05 10:11:00-04:00,1591366200000000000,1591366260000000000,873.1202,870.49,873.1202,869.07,83068.0
21,2020-06-05 10:12:00-04:00,2020-06-05 10:13:00-04:00,1591366320000000000,1591366380000000000,870.78,871.4356,872.2,870.49,46716.0
22,2020-06-05 10:14:00-04:00,2020-06-05 10:15:00-04:00,1591366440000000000,1591366500000000000,871.36,869.8115,872.89,869.36,60827.0
23,2020-06-05 10:16:00-04:00,2020-06-05 10:17:00-04:00,1591366560000000000,1591366620000000000,869.47,867.48,870.7199,867.29,71749.0
24,2020-06-05 10:18:00-04:00,2020-06-05 10:19:00-04:00,1591366680000000000,1591366740000000000,867.5,869.13,869.5,866.2,59127.0
25,2020-06-05 10:20:00-04:00,2020-06-05 10:21:00-04:00,1591366800000000000,1591366860000000000,869.1209,868.2415,869.7499,867.16,45912.0
26,2020-06-05 10:22:00-04:00,2020-06-05 10:23:00-04:00,1591366920000000000,1591366980000000000,868.5075,868.8464,869.5,868.1649,33436.0
27,2020-06-05 10:24:00-04:00,2020-06-05 10:25:00-04:00,1591367040000000000,1591367100000000000,868.995,872.32,872.32,868.8784,81606.0
28,2020-06-05 10:26:00-04:00,2020-06-05 10:27:00-04:00,1591367160000000000,1591367220000000000,872.0198,870.6642,872.41,870.16,36037.0
29,2020-06-05 10:28:00-04:00,2020-06-05 10:29:00-04:00,1591367280000000000,1591367340000000000,870.7504,871.18,871.98,870.62,27092.0
30,2020-06-05 10:30:00-04:00,2020-06-05 10:31:00-04:00,1591367400000000000,1591367460000000000,871.12,871.655,872.4299,870.8,34915.0
31,2020-06-05 10:32:00-04:00,2020-06-05 10:33:00-04:00,1591367520000000000,1591367580000000000,871.5,869.5,871.683,869.4201,40891.0
32,2020-06-05 10:34:00-04:00,2020-06-05 10:35:00-04:00,1591367640000000000,1591367700000000000,869.69,870.5457,870.9,869.0,40557.0
33,2020-06-05 10:36:00-04:00,2020-06-05 10:37:00-04:00,1591367760000000000,1591367820000000000,870.49,869.65,870.6731,869.2787,12653.0
34,2020-06-05 10:38:00-04:00,2020-06-05 10:39:00-04:00,1591367880000000000,1591367940000000000,870.0,871.6101,872.9995,869.8619,57136.0
35,2020-06-05 10:40:00-04:00,2020-06-05 10:41:00-04:00,1591368000000000000,1591368060000000000,871.53,870.74,872.2412,870.0701,20997.0
36,2020-06-05 10:42:00-04:00,2020-06-05 10:43:00-04:00,1591368120000000000,1591368180000000000,870.75,869.61,871.2484,869.1,31920.0
37,2020-06-05 10:44:00-04:00,2020-06-05 10:45:00-04:00,1591368240000000000,1591368300000000000,869.3688,870.18,870.7781,869.3688,18395.0
38,2020-06-05 10:46:00-04:00,2020-06-05 10:47:00-04:00,1591368360000000000,1591368420000000000,870.3,869.0716,870.5614,868.91,26499.0
39,2020-06-05 10:48:00-04:00,2020-06-05 10:49:00-04:00,1591368480000000000,1591368540000000000,869.0026,870.265,870.6,868.5251,26537.0
40,2020-06-05 10:50:00-04:00,2020-06-05 10:51:00-04:00,1591368600000000000,1591368660000000000,870.285,870.45,870.81,869.58,21706.0
41,2020-06-05 10:52:00-04:00,2020-06-05 10:53:00-04:00,1591368720000000000,1591368780000000000,870.65,870.879,871.4999,870.47,25290.0
42,2020-06-05 10:54:00-04:00,2020-06-05 10:55:00-04:00,1591368840000000000,1591368900000000000,870.8585,870.63,871.78,870.1696,23069.0
43,2020-06-05 10:56:00-04:00,2020-06-05 10:57:00-04:00,1591368960000000000,1591369020000000000,870.6667,871.25,871.57,870.407,16018.0
44,2020-06-05 10:58:00-04:00,2020-06-05 10:59:00-04:00,1591369080000000000,1591369140000000000,871.49,872.18,872.78,871.34,47854.0
45,2020-06-05 11:00:00-04:00,2020-06-05 11:01:00-04:00,1591369200000000000,1591369260000000000,872.1,874.145,874.36,872.0623,60229.0
46,2020-06-05 11:02:00-04:00,2020-06-05 11:03:00-04:00,1591369320000000000,1591369380000000000,873.8045,873.77,874.19,873.0,55726.0
47,2020-06-05 11:04:00-04:00,2020-06-05 11:05:00-04:00,1591369440000000000,1591369500000000000,873.96,873.57,874.735,873.43,51007.0
48,2020-06-05 11:06:00-04:00,2020-06-05 11:07:00-04:00,1591369560000000000,1591369620000000000,873.46,873.4179,873.48,872.1037,27490.0
49,2020-06-05 11:08:00-04:00,2020-06-05 11:09:00-04:00,1591369680000000000,1591369740000000000,873.4399,872.99,873.98,872.9,26691.0
50,2020-06-05 11:10:00-04:00,2020-06-05 11:11:00-04:00,1591369800000000000,1591369860000000000,873.2721,876.395,876.779,873.0475,58034.0
51,2020-06-05 11:12:00-04:00,2020-06-05 11:13:00-04:00,1591369920000000000,1591369980000000000,876.347,874.85,876.347,874.7501,35285.0
52,2020-06-05 11:14:00-04:00,2020-06-05 11:15:00-04:00,1591370040000000000,1591370100000000000,875.2978,875.03,876.0,874.99,28727.0
53,2020-06-05 11:16:00-04:00,2020-06-05 11:17:00-04:00,1591370160000000000,1591370220000000000,875.1799,874.5642,875.1799,874.1052,21133.0
54,2020-06-05 11:18:00-04:00,2020-06-05 11:19:00-04:00,1591370280000000000,1591370340000000000,874.5594,876.36,876.8899,874.5594,34838.0
55,2020-06-05 11:20:00-04:00,2020-06-05 11:21:00-04:00,1591370400000000000,1591370460000000000,876.18,874.6501,876.21,874.53,29144.0
56,2020-06-05 11:22:00-04:00,2020-06-05 11:23:00-04:00,1591370520000000000,1591370580000000000,874.8485,875.12,875.5,874.64,29723.0
57,2020-06-05 11:24:00-04:00,2020-06-05 11:25:00-04:00,1591370640000000000,1591370700000000000,874.89,876.0,876.62,874.89,36538.0
58,2020-06-05 11:26:00-04:00,2020-06-05 11:27:00-04:00,1591370760000000000,1591370820000000000,876.12,875.25,876.4,874.7112,25877.0
59,2020-06-05 11:28:00-04:00,2020-06-05 11:29:00-04:00,1591370880000000000,1591370940000000000,875.32,875.9899,876.0,875.285,17163.0
60,2020-06-05 11:30:00-04:00,2020-06-05 11:31:00-04:00,1591371000000000000,1591371060000000000,876.0,877.16,877.99,875.845,71810.0
61,2020-06-05 11:32:00-04:00,2020-06-05 11:33:00-04:00,1591371120000000000,1591371180000000000,877.135,876.615,877.6999,876.1,32840.0
62,2020-06-05 11:34:00-04:00,2020-06-05 11:35:00-04:00,1591371240000000000,1591371300000000000,877.1001,876.35,877.1761,876.0901,17792.0
63,2020-06-05 11:36:00-04:00,2020-06-05 11:37:00-04:00,1591371360000000000,1591371420000000000,876.11,873.56,876.155,873.49,32427.0
64,2020-06-05 11:38:00-04:00,2020-06-05 11:39:00-04:00,1591371480000000000,1591371540000000000,873.9,875.06,875.4531,873.56,27114.0
65,2020-06-05 11:40:00-04:00,2020-06-05 11:41:00-04:00,1591371600000000000,1591371660000000000,875.07,875.6684,875.87,874.2,23933.0
66,2020-06-05 11:42:00-04:00,2020-06-05 11:43:00-04:00,1591371720000000000,1591371780000000000,875.83,874.2617,876.5,874.01,29892.0
67,2020-06-05 11:44:00-04:00,2020-06-05 11:45:00-04:00,1591371840000000000,1591371900000000000,874.246,874.92,875.0,874.1,18554.0
68,2020-06-05 11:46:00-04:00,2020-06-05 11:47:00-04:00,1591371960000000000,1591372020000000000,874.7872,873.445,874.92,873.37,16811.0
69,2020-06-05 11:48:00-04:00,2020-06-05 11:49:00-04:00,1591372080000000000,1591372140000000000,873.79,874.3873,874.701,873.67,12463.0
70,2020-06-05 11:50:00-04:00,2020-06-05 11:51:00-04:00,1591372200000000000,1591372260000000000,874.2478,875.8341,876.51,874.0743,28624.0
71,2020-06-05 11:52:00-04:00,2020-06-05 11:53:00-04:00,1591372320000000000,1591372380000000000,875.7101,874.25,875.91,873.68,28400.0
72,2020-06-05 11:54:00-04:00,2020-06-05 11:55:00-04:00,1591372440000000000,1591372500000000000,874.395,874.633,875.1,874.23,19458.0
73,2020-06-05 11:56:00-04:00,2020-06-05 11:57:00-04:00,1591372560000000000,1591372620000000000,874.48,874.9921,875.1899,874.0,19434.0
74,2020-06-05 11:58:00-04:00,2020-06-05 11:59:00-04:00,1591372680000000000,1591372740000000000,874.8454,873.6886,875.0,873.42,20263.0
75,2020-06-05 12:00:00-04:00,2020-06-05 12:01:00-04:00,1591372800000000000,1591372860000000000,873.98,873.3847,874.1,873.1503,15807.0
76,2020-06-05 12:02:00-04:00,2020-06-05 12:03:00-04:00,1591372920000000000,1591372980000000000,873.4,872.67,873.5,872.33,37580.0
77,2020-06-05 12:04:00-04:00,2020-06-05 12:05:00-04:00,1591373040000000000,1591373100000000000,872.65,873.46,873.5,872.45,21096.0
78,2020-06-05 12:06:00-04:00,2020-06-05 12:07:00-04:00,1591373160000000000,1591373220000000000,873.5143,872.82,873.5143,872.67,11953.0
79,2020-06-05 12:08:00-04:00,2020-06-05 12:09:00-04:00,1591373280000000000,1591373340000000000,873.03,873.7515,873.89,872.98,15649.0
80,2020-06-05 12:10:00-04:00,2020-06-05 12:11:00-04:00,1591373400000000000,1591373460000000000,873.76,874.1,874.126,873.39,11231.0
81,2020-06-05 12:12:00-04:00,2020-06-05 12:13:00-04:00,1591373520000000000,1591373580000000000,873.8458,874.405,875.4752,873.8458,34221.0
82,2020-06-05 12:14:00-04:00,2020-06-05 12:15:00-04:00,1591373640000000000,1591373700000000000,874.5699,873.45,874.5699,873.41,16992.0
83,2020-06-05 12:16:00-04:00,2020-06-05 12:17:00-04:00,1591373760000000000,1591373820000000000,873.51,874.9,875.01,873.51,17156.0
84,2020-06-05 12:18:00-04:00,2020-06-05 12:19:00-04:00,1591373880000000000,1591373940000000000,875.1,873.9353,875.63,873.82,22844.0
85,2020-06-05 12:20:00-04:00,2020-06-05 12:21:00-04:00,1591374000000000000,1591374060000000000,873.94,875.96,876.2867,873.94,46644.0
86,2020-06-05 12:22:00-04:00,2020-06-05 12:23:00-04:00,1591374120000000000,1591374180000000000,875.96,875.8,876.3599,874.78,24422.0
87,2020-06-05 12:24:00-04:00,2020-06-05 12:25:00-04:00,1591374240000000000,1591374300000000000,875.93,876.57,876.8,875.5001,35577.0
88,2020-06-05 12:26:00-04:00,2020-06-05 12:27:00-04:00,1591374360000000000,1591374420000000000,876.545,877.5,878.5,876.545,55340.0
89,2020-06-05 12:28:00-04:00,2020-06-05 12:29:00-04:00,1591374480000000000,1591374540000000000,877.815,878.98,879.0,877.62,47484.0
90,2020-06-05 12:30:00-04:00,2020-06-05 12:31:00-04:00,1591374600000000000,1591374660000000000,878.79,879.365,879.88,878.4401,49825.0
91,2020-06-05 12:32:00-04:00,2020-06-05 12:33:00-04:00,1591374720000000000,1591374780000000000,879.36,877.81,879.69,877.81,32050.0
92,2020-06-05 12:34:00-04:00,2020-06-05 12:35:00-04:00,1591374840000000000,1591374900000000000,877.835,878.19,878.47,877.7,20847.0
93,2020-06-05 12:36:00-04:00,2020-06-05 12:37:00-04:00,1591374960000000000,1591375020000000000,878.2283,877.53,878.5062,876.8501,22749.0
94,2020-06-05 12:38:00-04:00,2020-06-05 12:39:00-04:00,1591375080000000000,1591375140000000000,877.3,878.4899,878.4899,877.225,13792.0
95,2020-06-05 12:40:00-04:00,2020-06-05 12:41:00-04:00,1591375200000000000,1591375260000000000,878.4728,878.6551,878.9799,878.12,16166.0
96,2020-06-05 12:42:00-04:00,2020-06-05 12:43:00-04:00,1591375320000000000,1591375380000000000,878.56,877.0109,879.2932,876.9342,33759.0
97,2020-06-05 12:44:00-04:00,2020-06-05 12:45:00-04:00,1591375440000000000,1591375500000000000,877.0,877.235,877.39,876.4098,17218.0
98,2020-06-05 12:46:00-04:00,2020-06-05 12:47:00-04:00,1591375560000000000,1591375620000000000,877.36,878.29,878.49,877.36,12647.0
99,2020-06-05 12:48:00-04:00,2020-06-05 12:49:00-04:00,1591375680000000000,1591375740000000000,878.04,878.35,878.44,877.846,20476.0
100,2020-06-05 12:50:00-04:00,2020-06-05 12:51:00-04:00,1591375800000000000,1591375860000000000,878.0301,877.805,878.2,877.21,9806.0
101,2020-06-05 12:52:00-04:00,2020-06-05 12:53:00-04:00,1591375920000000000,1591375980000000000,877.46,877.3844,878.0,877.145,10178.0
102,2020-06-05 12:54:00-04:00,2020-06-05 12:55:00-04:00,1591376040000000000,1591376100000000000,877.3864,876.1474,877.87,876.12,8878.0
103,2020-06-05 12:56:00-04:00,2020-06-05 12:57:00-04:00,1591376160000000000,1591376220000000000,876.22,876.9525,876.9525,875.92,19556.0
104,2020-06-05 12:58:00-04:00,2020-06-05 12:59:00-04:00,1591376280000000000,1591376340000000000,877.26,877.32,877.415,876.885,8664.0
105,2020-06-05 13:00:00-04:00,2020-06-05 13:01:00-04:00,1591376400000000000,1591376460000000000,877.49,876.78,878.3999,876.78,22900.0
106,2020-06-05 13:02:00-04:00,2020-06-05 13:03:00-04:00,1591376520000000000,1591376580000000000,876.66,876.98,877.75,876.2801,14541.0
107,2020-06-05 13:04:00-04:00,2020-06-05 13:05:00-04:00,1591376640000000000,1591376700000000000,877.03,876.37,877.625,876.37,19348.0
108,2020-06-05 13:06:00-04:00,2020-06-05 13:07:00-04:00,1591376760000000000,1591376820000000000,876.3801,876.5461,876.99,876.3801,19368.0
109,2020-06-05 13:08:00-04:00,2020-06-05 13:09:00-04:00,1591376880000000000,1591376940000000000,876.56,877.2649,877.37,876.42,25442.0
110,2020-06-05 13:10:00-04:00,2020-06-05 13:11:00-04:00,1591377000000000000,1591377060000000000,877.22,876.985,877.63,876.83,11909.0
111,2020-06-05 13:12:00-04:00,2020-06-05 13:13:00-04:00,1591377120000000000,1591377180000000000,877.065,877.28,877.4,877.0,9704.0
112,2020-06-05 13:14:00-04:00,2020-06-05 13:15:00-04:00,1591377240000000000,1591377300000000000,877.16,877.63,877.69,877.0189,12038.0
113,2020-06-05 13:16:00-04:00,2020-06-05 13:17:00-04:00,1591377360000000000,1591377420000000000,877.74,877.47,877.89,877.25,8855.0
114,2020-06-05 13:18:00-04:00,2020-06-05 13:19:00-04:00,1591377480000000000,1591377540000000000,877.4488,878.08,878.41,877.4488,25586.0
115,2020-06-05 13:20:00-04:00,2020-06-05 13:21:00-04:00,1591377600000000000,1591377660000000000,878.08,877.98,878.21,877.71,12502.0
116,2020-06-05 13:22:00-04:00,2020-06-05 13:23:00-04:00,1591377720000000000,1591377780000000000,877.86,878.3973,878.625,877.86,29966.0
117,2020-06-05 13:24:00-04:00,2020-06-05 13:25:00-04:00,1591377840000000000,1591377900000000000,878.3403,878.91,879.0,878.2373,20935.0
118,2020-06-05 13:26:00-04:00,2020-06-05 13:27:00-04:00,1591377960000000000,1591378020000000000,878.7,879.77,880.0,878.51,54545.0
119,2020-06-05 13:28:00-04:00,2020-06-05 13:29:00-04:00,1591378080000000000,1591378140000000000,879.5833,879.115,880.27,878.91,84756.0
120,2020-06-05 13:30:00-04:00,2020-06-05 13:31:00-04:00,1591378200000000000,1591378260000000000,879.2,879.2885,879.49,878.16,27606.0
121,2020-06-05 13:32:00-04:00,2020-06-05 13:33:00-04:00,1591378320000000000,1591378380000000000,879.165,878.38,879.21,878.38,16316.0
122,2020-06-05 13:34:00-04:00,2020-06-05 13:35:00-04:00,1591378440000000000,1591378500000000000,878.218,876.37,878.35,876.37,38746.0
123,2020-06-05 13:36:00-04:00,2020-06-05 13:37:00-04:00,1591378560000000000,1591378620000000000,876.68,876.66,877.295,875.47,44465.0
124,2020-06-05 13:38:00-04:00,2020-06-05 13:39:00-04:00,1591378680000000000,1591378740000000000,876.85,876.4103,877.24,876.4103,22464.0
125,2020-06-05 13:40:00-04:00,2020-06-05 13:41:00-04:00,1591378800000000000,1591378860000000000,876.56,876.725,876.725,876.0195,16057.0
126,2020-06-05 13:42:00-04:00,2020-06-05 13:43:00-04:00,1591378920000000000,1591378980000000000,876.6732,876.71,876.855,876.3,14302.0
127,2020-06-05 13:44:00-04:00,2020-06-05 13:45:00-04:00,1591379040000000000,1591379100000000000,876.86,876.1445,876.86,875.61,12851.0
128,2020-06-05 13:46:00-04:00,2020-06-05 13:47:00-04:00,1591379160000000000,1591379220000000000,876.12,875.55,876.5,875.55,24507.0
129,2020-06-05 13:48:00-04:00,2020-06-05 13:49:00-04:00,1591379280000000000,1591379340000000000,875.5075,876.26,876.26,875.5075,12381.0
130,2020-06-05 13:50:00-04:00,2020-06-05 13:51:00-04:00,1591379400000000000,1591379460000000000,876.125,876.65,876.698,876.02,11934.0
131,2020-06-05 13:52:00-04:00,2020-06-05 13:53:00-04:00,1591379520000000000,1591379580000000000,876.524,875.791,876.6,875.3396,15143.0
132,2020-06-05 13:54:00-04:00,2020-06-05 13:55:00-04:00,1591379640000000000,1591379700000000000,875.97,874.92,876.4199,874.61,20016.0
133,2020-06-05 13:56:00-04:00,2020-06-05 13:57:00-04:00,1591379760000000000,1591379820000000000,874.98,875.88,875.88,874.96,17292.0
134,2020-06-05 13:58:00-04:00,2020-06-05 13:59:00-04:00,1591379880000000000,1591379940000000000,875.94,875.8944,876.0,875.68,18479.0
135,2020-06-05 14:00:00-04:00,2020-06-05 14:01:00-04:00,1591380000000000000,1591380060000000000,875.88,875.755,876.4991,875.69,29766.0
136,2020-06-05 14:02:00-04:00,2020-06-05 14:03:00-04:00,1591380120000000000,1591380180000000000,875.955,874.98,876.3,874.8,33885.0
137,2020-06-05 14:04:00-04:00,2020-06-05 14:05:00-04:00,1591380240000000000,1591380300000000000,874.895,873.5,874.895,873.36,27628.0
138,2020-06-05 14:06:00-04:00,2020-06-05 14:07:00-04:00,1591380360000000000,1591380420000000000,873.45,873.96,874.0,873.19,23573.0
139,2020-06-05 14:08:00-04:00,2020-06-05 14:09:00-04:00,1591380480000000000,1591380540000000000,873.95,873.8241,874.0,873.2101,17288.0
140,2020-06-05 14:10:00-04:00,2020-06-05 14:11:00-04:00,1591380600000000000,1591380660000000000,873.82,874.865,874.99,873.5314,25246.0
141,2020-06-05 14:12:00-04:00,2020-06-05 14:13:00-04:00,1591380720000000000,1591380780000000000,874.75,874.54,875.7393,874.53,25521.0
142,2020-06-05 14:14:00-04:00,2020-06-05 14:15:00-04:00,1591380840000000000,1591380900000000000,874.3,874.7638,875.0,874.23,13847.0
143,2020-06-05 14:16:00-04:00,2020-06-05 14:17:00-04:00,1591380960000000000,1591381020000000000,874.61,875.9548,876.2,874.61,20821.0
144,2020-06-05 14:18:00-04:00,2020-06-05 14:19:00-04:00,1591381080000000000,1591381140000000000,876.07,876.115,876.23,875.725,22135.0
145,2020-06-05 14:20:00-04:00,2020-06-05 14:21:00-04:00,1591381200000000000,1591381260000000000,876.23,876.0,876.37,875.8301,14807.0
146,2020-06-05 14:22:00-04:00,2020-06-05 14:23:00-04:00,1591381320000000000,1591381380000000000,876.02,875.95,876.21,875.71,25941.0
147,2020-06-05 14:24:00-04:00,2020-06-05 14:25:00-04:00,1591381440000000000,1591381500000000000,875.792,876.0825,876.0825,875.792,4914.0
148,2020-06-05 14:26:00-04:00,2020-06-05 14:27:00-04:00,1591381560000000000,1591381620000000000,876.09,875.65,876.23,875.55,13529.0
149,2020-06-05 14:28:00-04:00,2020-06-05 14:29:00-04:00,1591381680000000000,1591381740000000000,875.81,876.35,876.38,875.5,10923.0
150,2020-06-05 14:30:00-04:00,2020-06-05 14:31:00-04:00,1591381800000000000,1591381860000000000,876.5,877.44,877.4994,876.3707,24485.0
151,2020-06-05 14:32:00-04:00,2020-06-05 14:33:00-04:00,1591381920000000000,1591381980000000000,877.2201,877.65,877.82,877.0,20642.0
152,2020-06-05 14:34:00-04:00,2020-06-05 14:35:00-04:00,1591382040000000000,1591382100000000000,877.68,877.0012,878.0,876.35,45979.0
153,2020-06-05 14:36:00-04:00,2020-06-05 14:37:00-04:00,1591382160000000000,1591382220000000000,877.78,878.3366,878.66,877.32,21374.0
154,2020-06-05 14:38:00-04:00,2020-06-05 14:39:00-04:00,1591382280000000000,1591382340000000000,878.6055,878.63,878.96,878.0,20265.0
155,2020-06-05 14:40:00-04:00,2020-06-05 14:41:00-04:00,1591382400000000000,1591382460000000000,878.77,880.1994,880.2,878.63,50138.0
156,2020-06-05 14:42:00-04:00,2020-06-05 14:43:00-04:00,1591382520000000000,1591382580000000000,879.975,883.31,883.48,879.975,110054.0
157,2020-06-05 14:44:00-04:00,2020-06-05 14:45:00-04:00,1591382640000000000,1591382700000000000,883.29,882.6452,884.5,882.59,74388.0
158,2020-06-05 14:46:00-04:00,2020-06-05 14:47:00-04:00,1591382760000000000,1591382820000000000,882.7799,884.86,885.0,882.67,60040.0
159,2020-06-05 14:48:00-04:00,2020-06-05 14:49:00-04:00,1591382880000000000,1591382940000000000,884.8237,884.48,885.8,884.25,95370.0
160,2020-06-05 14:50:00-04:00,2020-06-05 14:51:00-04:00,1591383000000000000,1591383060000000000,884.65,881.33,885.02,881.1,73452.0
161,2020-06-05 14:52:00-04:00,2020-06-05 14:53:00-04:00,1591383120000000000,1591383180000000000,881.0301,881.88,882.73,881.0301,49012.0
162,2020-06-05 14:54:00-04:00,2020-06-05 14:55:00-04:00,1591383240000000000,1591383300000000000,882.0,882.8745,883.23,881.14,46814.0
163,2020-06-05 14:56:00-04:00,2020-06-05 14:57:00-04:00,1591383360000000000,1591383420000000000,883.0217,882.84,883.1999,882.1,26315.0
164,2020-06-05 14:58:00-04:00,2020-06-05 14:59:00-04:00,1591383480000000000,1591383540000000000,882.68,882.815,883.25,882.09,49791.0
165,2020-06-05 15:00:00-04:00,2020-06-05 15:01:00-04:00,1591383600000000000,1591383660000000000,882.725,885.1,885.1,882.725,76668.0
166,2020-06-05 15:02:00-04:00,2020-06-05 15:03:00-04:00,1591383720000000000,1591383780000000000,885.1999,885.6935,886.0,884.83,68323.0
167,2020-06-05 15:04:00-04:00,2020-06-05 15:05:00-04:00,1591383840000000000,1591383900000000000,885.84,883.21,886.52,883.08,67044.0
168,2020-06-05 15:06:00-04:00,2020-06-05 15:07:00-04:00,1591383960000000000,1591384020000000000,883.4499,883.495,884.66,883.24,38012.0
169,2020-06-05 15:08:00-04:00,2020-06-05 15:09:00-04:00,1591384080000000000,1591384140000000000,883.49,883.2875,884.19,883.24,23468.0
170,2020-06-05 15:10:00-04:00,2020-06-05 15:11:00-04:00,1591384200000000000,1591384260000000000,883.28,882.76,883.28,882.1,37930.0
171,2020-06-05 15:12:00-04:00,2020-06-05 15:13:00-04:00,1591384320000000000,1591384380000000000,882.76,882.47,882.9474,882.22,14284.0
172,2020-06-05 15:14:00-04:00,2020-06-05 15:15:00-04:00,1591384440000000000,1591384500000000000,882.59,883.69,884.0,882.56,41533.0
173,2020-06-05 15:16:00-04:00,2020-06-05 15:17:00-04:00,1591384560000000000,1591384620000000000,883.98,882.53,883.99,882.1235,20828.0
174,2020-06-05 15:18:00-04:00,2020-06-05 15:19:00-04:00,1591384680000000000,1591384740000000000,882.32,884.2242,884.513,882.32,29609.0
175,2020-06-05 15:20:00-04:00,2020-06-05 15:21:00-04:00,1591384800000000000,1591384860000000000,884.3871,883.6724,884.7799,883.56,36487.0
176,2020-06-05 15:22:00-04:00,2020-06-05 15:23:00-04:00,1591384920000000000,1591384980000000000,883.6971,883.98,884.36,883.5531,18831.0
177,2020-06-05 15:24:00-04:00,2020-06-05 15:25:00-04:00,1591385040000000000,1591385100000000000,883.79,884.66,885.595,883.79,46466.0
178,2020-06-05 15:26:00-04:00,2020-06-05 15:27:00-04:00,1591385160000000000,1591385220000000000,884.815,885.35,885.45,884.39,26043.0
179,2020-06-05 15:28:00-04:00,2020-06-05 15:29:00-04:00,1591385280000000000,1591385340000000000,885.245,885.38,886.0,885.05,37157.0
180,2020-06-05 15:30:00-04:00,2020-06-05 15:31:00-04:00,1591385400000000000,1591385460000000000,885.48,885.3623,885.68,885.02,35118.0
181,2020-06-05 15:32:00-04:00,2020-06-05 15:33:00-04:00,1591385520000000000,1591385580000000000,885.6,884.79,886.0,884.56,44825.0
182,2020-06-05 15:34:00-04:00,2020-06-05 15:35:00-04:00,1591385640000000000,1591385700000000000,884.55,883.52,884.55,882.59,52858.0
183,2020-06-05 15:36:00-04:00,2020-06-05 15:37:00-04:00,1591385760000000000,1591385820000000000,883.53,884.08,884.7499,883.52,27337.0
184,2020-06-05 15:38:00-04:00,2020-06-05 15:39:00-04:00,1591385880000000000,1591385940000000000,884.15,883.7,884.69,882.6263,41477.0
185,2020-06-05 15:40:00-04:00,2020-06-05 15:41:00-04:00,1591386000000000000,1591386060000000000,883.71,884.785,884.79,883.46,37749.0
186,2020-06-05 15:42:00-04:00,2020-06-05 15:43:00-04:00,1591386120000000000,1591386180000000000,884.82,883.78,885.13,883.78,36721.0
187,2020-06-05 15:44:00-04:00,2020-06-05 15:45:00-04:00,1591386240000000000,1591386300000000000,883.88,883.48,884.82,882.44,41237.0
188,2020-06-05 15:46:00-04:00,2020-06-05 15:47:00-04:00,1591386360000000000,1591386420000000000,883.5,883.41,883.6,882.156,46369.0
189,2020-06-05 15:48:00-04:00,2020-06-05 15:49:00-04:00,1591386480000000000,1591386540000000000,883.365,883.22,884.225,883.22,30431.0
190,2020-06-05 15:50:00-04:00,2020-06-05 15:51:00-04:00,1591386600000000000,1591386660000000000,883.63,884.045,884.5,882.5601,60407.0
191,2020-06-05 15:52:00-04:00,2020-06-05 15:53:00-04:00,1591386720000000000,1591386780000000000,884.115,884.0083,884.2507,883.45,49670.0
192,2020-06-05 15:54:00-04:00,2020-06-05 15:55:00-04:00,1591386840000000000,1591386900000000000,883.9175,884.81,884.9799,883.53,61124.0
193,2020-06-05 15:56:00-04:00,2020-06-05 15:57:00-04:00,1591386960000000000,1591387020000000000,884.6601,884.88,885.13,884.5,95986.0
194,2020-06-05 15:58:00-04:00,2020-06-05 15:59:00-04:00,1591387080000000000,1591387140000000000,884.88,885.55,885.55,884.5701,124658.0
195,2020-06-08 09:30:00-04:00,2020-06-08 09:31:00-04:00,1591623000000000000,1591623060000000000,919.0,927.48,928.0,913.2,581217.0
196,2020-06-08 09:32:00-04:00,2020-06-08 09:33:00-04:00,1591623120000000000,1591623180000000000,927.045,923.54,927.99,923.0,260917.0
197,2020-06-08 09:34:00-04:00,2020-06-08 09:35:00-04:00,1591623240000000000,1591623300000000000,923.58,928.998,929.0,921.4,211728.0
198,2020-06-08 09:36:00-04:00,2020-06-08 09:37:00-04:00,1591623360000000000,1591623420000000000,928.77,932.97,933.4,926.23,279439.0
199,2020-06-08 09:38:00-04:00,2020-06-08 09:39:00-04:00,1591623480000000000,1591623540000000000,933.0283,930.4656,933.44,929.31,228824.0
200,2020-06-08 09:40:00-04:00,2020-06-08 09:41:00-04:00,1591623600000000000,1591623660000000000,930.4985,926.3584,930.6464,926.11,152408.0
201,2020-06-08 09:42:00-04:00,2020-06-08 09:43:00-04:00,1591623720000000000,1591623780000000000,926.3806,925.9435,928.0,923.5,150952.0
202,2020-06-08 09:44:00-04:00,2020-06-08 09:45:00-04:00,1591623840000000000,1591623900000000000,925.63,922.8844,928.5599,922.2001,126983.0
203,2020-06-08 09:46:00-04:00,2020-06-08 09:47:00-04:00,1591623960000000000,1591624020000000000,923.155,924.0951,927.69,922.514,147947.0
204,2020-06-08 09:48:00-04:00,2020-06-08 09:49:00-04:00,1591624080000000000,1591624140000000000,923.34,925.3392,926.425,923.13,82902.0
205,2020-06-08 09:50:00-04:00,2020-06-08 09:51:00-04:00,1591624200000000000,1591624260000000000,925.135,922.63,925.35,922.63,108161.0
206,2020-06-08 09:52:00-04:00,2020-06-08 09:53:00-04:00,1591624320000000000,1591624380000000000,922.73,925.33,925.82,920.11,135584.0
207,2020-06-08 09:54:00-04:00,2020-06-08 09:55:00-04:00,1591624440000000000,1591624500000000000,925.26,924.866,925.89,924.0,72561.0
208,2020-06-08 09:56:00-04:00,2020-06-08 09:57:00-04:00,1591624560000000000,1591624620000000000,924.16,921.4,924.5937,920.8675,78291.0
209,2020-06-08 09:58:00-04:00,2020-06-08 09:59:00-04:00,1591624680000000000,1591624740000000000,921.52,920.2438,922.1961,918.0,127658.0
210,2020-06-08 10:00:00-04:00,2020-06-08 10:01:00-04:00,1591624800000000000,1591624860000000000,920.08,916.07,921.0648,914.51,134863.0
211,2020-06-08 10:02:00-04:00,2020-06-08 10:03:00-04:00,1591624920000000000,1591624980000000000,916.44,916.98,918.04,915.6,110812.0
212,2020-06-08 10:04:00-04:00,2020-06-08 10:05:00-04:00,1591625040000000000,1591625100000000000,917.365,919.74,919.97,917.06,96623.0
213,2020-06-08 10:06:00-04:00,2020-06-08 10:07:00-04:00,1591625160000000000,1591625220000000000,919.7075,916.94,920.0,916.4,68641.0
214,2020-06-08 10:08:00-04:00,2020-06-08 10:09:00-04:00,1591625280000000000,1591625340000000000,917.25,916.68,919.4,916.68,56776.0
215,2020-06-08 10:10:00-04:00,2020-06-08 10:11:00-04:00,1591625400000000000,1591625460000000000,917.26,916.47,917.74,914.0,94132.0
216,2020-06-08 10:12:00-04:00,2020-06-08 10:13:00-04:00,1591625520000000000,1591625580000000000,916.63,911.0,916.8699,911.0,81451.0
217,2020-06-08 10:14:00-04:00,2020-06-08 10:15:00-04:00,1591625640000000000,1591625700000000000,911.398,913.76,913.81,909.16,141663.0
218,2020-06-08 10:16:00-04:00,2020-06-08 10:17:00-04:00,1591625760000000000,1591625820000000000,913.86,914.8859,915.29,913.01,91322.0
219,2020-06-08 10:18:00-04:00,2020-06-08 10:19:00-04:00,1591625880000000000,1591625940000000000,915.0,915.3638,915.6999,914.0,66578.0
220,2020-06-08 10:20:00-04:00,2020-06-08 10:21:00-04:00,1591626000000000000,1591626060000000000,915.7,915.745,916.7099,915.0201,66030.0
221,2020-06-08 10:22:00-04:00,2020-06-08 10:23:00-04:00,1591626120000000000,1591626180000000000,915.86,913.2201,915.87,913.2,53035.0
222,2020-06-08 10:24:00-04:00,2020-06-08 10:25:00-04:00,1591626240000000000,1591626300000000000,913.5258,915.1,916.0,913.0193,65936.0
223,2020-06-08 10:26:00-04:00,2020-06-08 10:27:00-04:00,1591626360000000000,1591626420000000000,914.6173,917.82,917.89,914.6173,77897.0
224,2020-06-08 10:28:00-04:00,2020-06-08 10:29:00-04:00,1591626480000000000,1591626540000000000,917.76,919.26,919.89,917.5001,133433.0
225,2020-06-08 10:30:00-04:00,2020-06-08 10:31:00-04:00,1591626600000000000,1591626660000000000,919.13,918.72,920.6999,918.36,106825.0
226,2020-06-08 10:32:00-04:00,2020-06-08 10:33:00-04:00,1591626720000000000,1591626780000000000,918.49,919.435,919.71,918.49,42472.0
227,2020-06-08 10:34:00-04:00,2020-06-08 10:35:00-04:00,1591626840000000000,1591626900000000000,919.52,916.86,919.59,916.86,44123.0
228,2020-06-08 10:36:00-04:00,2020-06-08 10:37:00-04:00,1591626960000000000,1591627020000000000,916.92,916.2545,917.3,915.1,45268.0
229,2020-06-08 10:38:00-04:00,2020-06-08 10:39:00-04:00,1591627080000000000,1591627140000000000,916.355,918.0958,918.0958,916.0601,45100.0
230,2020-06-08 10:40:00-04:00,2020-06-08 10:41:00-04:00,1591627200000000000,1591627260000000000,917.9177,919.37,919.57,917.7401,64348.0
231,2020-06-08 10:42:00-04:00,2020-06-08 10:43:00-04:00,1591627320000000000,1591627380000000000,919.54,921.96,922.24,919.4,130578.0
232,2020-06-08 10:44:00-04:00,2020-06-08 10:45:00-04:00,1591627440000000000,1591627500000000000,921.97,922.2464,922.98,920.1,87669.0
233,2020-06-08 10:46:00-04:00,2020-06-08 10:47:00-04:00,1591627560000000000,1591627620000000000,922.43,921.65,923.5,921.3147,87135.0
234,2020-06-08 10:48:00-04:00,2020-06-08 10:49:00-04:00,1591627680000000000,1591627740000000000,921.63,919.28,921.7728,919.01,60358.0
235,2020-06-08 10:50:00-04:00,2020-06-08 10:51:00-04:00,1591627800000000000,1591627860000000000,919.2166,919.4513,920.5,917.03,79333.0
236,2020-06-08 10:52:00-04:00,2020-06-08 10:53:00-04:00,1591627920000000000,1591627980000000000,919.7705,918.175,920.0,918.175,45486.0
237,2020-06-08 10:54:00-04:00,2020-06-08 10:55:00-04:00,1591628040000000000,1591628100000000000,918.42,921.2638,921.75,918.32,50560.0
238,2020-06-08 10:56:00-04:00,2020-06-08 10:57:00-04:00,1591628160000000000,1591628220000000000,921.485,923.77,924.0,921.39,80161.0
239,2020-06-08 10:58:00-04:00,2020-06-08 10:59:00-04:00,1591628280000000000,1591628340000000000,923.86,923.5,923.99,922.36,68047.0
240,2020-06-08 11:00:00-04:00,2020-06-08 11:01:00-04:00,1591628400000000000,1591628460000000000,923.65,923.7,924.68,923.37,74547.0
241,2020-06-08 11:02:00-04:00,2020-06-08 11:03:00-04:00,1591628520000000000,1591628580000000000,923.73,922.717,924.0,922.4704,31104.0
242,2020-06-08 11:04:00-04:00,2020-06-08 11:05:00-04:00,1591628640000000000,1591628700000000000,922.77,921.41,922.8143,921.28,57477.0
243,2020-06-08 11:06:00-04:00,2020-06-08 11:07:00-04:00,1591628760000000000,1591628820000000000,921.4,921.8001,922.34,920.92,32789.0
244,2020-06-08 11:08:00-04:00,2020-06-08 11:09:00-04:00,1591628880000000000,1591628940000000000,921.9813,922.1002,923.04,921.63,39170.0
245,2020-06-08 11:10:00-04:00,2020-06-08 11:11:00-04:00,1591629000000000000,1591629060000000000,922.02,923.7,923.7,922.0,38871.0
246,2020-06-08 11:12:00-04:00,2020-06-08 11:13:00-04:00,1591629120000000000,1591629180000000000,923.6853,924.19,924.99,923.6853,66240.0
247,2020-06-08 11:14:00-04:00,2020-06-08 11:15:00-04:00,1591629240000000000,1591629300000000000,924.2521,924.7,925.0,924.2113,56090.0
248,2020-06-08 11:16:00-04:00,2020-06-08 11:17:00-04:00,1591629360000000000,1591629420000000000,924.69,924.4145,925.0,924.3,47661.0
249,2020-06-08 11:18:00-04:00,2020-06-08 11:19:00-04:00,1591629480000000000,1591629540000000000,924.54,926.37,927.0,923.97,83210.0
250,2020-06-08 11:20:00-04:00,2020-06-08 11:21:00-04:00,1591629600000000000,1591629660000000000,926.435,928.1101,928.55,926.0326,108194.0
251,2020-06-08 11:22:00-04:00,2020-06-08 11:23:00-04:00,1591629720000000000,1591629780000000000,928.2479,928.4385,928.9986,927.36,89865.0
252,2020-06-08 11:24:00-04:00,2020-06-08 11:25:00-04:00,1591629840000000000,1591629900000000000,928.4365,928.668,929.5,928.04,101419.0
253,2020-06-08 11:26:00-04:00,2020-06-08 11:27:00-04:00,1591629960000000000,1591630020000000000,928.627,929.55,929.7899,928.557,70175.0
254,2020-06-08 11:28:00-04:00,2020-06-08 11:29:00-04:00,1591630080000000000,1591630140000000000,929.5542,928.1,929.7358,927.3886,61885.0
255,2020-06-08 11:30:00-04:00,2020-06-08 11:31:00-04:00,1591630200000000000,1591630260000000000,928.23,927.69,928.5622,927.384,36859.0
256,2020-06-08 11:32:00-04:00,2020-06-08 11:33:00-04:00,1591630320000000000,1591630380000000000,927.985,928.85,929.5,927.92,42776.0
257,2020-06-08 11:34:00-04:00,2020-06-08 11:35:00-04:00,1591630440000000000,1591630500000000000,928.855,929.216,930.0,928.77,66824.0
258,2020-06-08 11:36:00-04:00,2020-06-08 11:37:00-04:00,1591630560000000000,1591630620000000000,929.3665,927.385,929.43,927.1,53319.0
259,2020-06-08 11:38:00-04:00,2020-06-08 11:39:00-04:00,1591630680000000000,1591630740000000000,927.435,925.1,927.52,924.5,66995.0
260,2020-06-08 11:40:00-04:00,2020-06-08 11:41:00-04:00,1591630800000000000,1591630860000000000,925.05,926.355,926.79,924.8001,53464.0
261,2020-06-08 11:42:00-04:00,2020-06-08 11:43:00-04:00,1591630920000000000,1591630980000000000,926.35,923.913,926.69,923.0,77311.0
262,2020-06-08 11:44:00-04:00,2020-06-08 11:45:00-04:00,1591631040000000000,1591631100000000000,923.9,925.69,925.92,923.2425,46199.0
263,2020-06-08 11:46:00-04:00,2020-06-08 11:47:00-04:00,1591631160000000000,1591631220000000000,925.6929,926.0,926.7799,925.4,41834.0
264,2020-06-08 11:48:00-04:00,2020-06-08 11:49:00-04:00,1591631280000000000,1591631340000000000,926.0,927.94,928.0,925.88,41256.0
265,2020-06-08 11:50:00-04:00,2020-06-08 11:51:00-04:00,1591631400000000000,1591631460000000000,927.97,925.03,928.0,925.0152,35114.0
266,2020-06-08 11:52:00-04:00,2020-06-08 11:53:00-04:00,1591631520000000000,1591631580000000000,925.055,924.76,925.77,924.29,33895.0
267,2020-06-08 11:54:00-04:00,2020-06-08 11:55:00-04:00,1591631640000000000,1591631700000000000,924.57,925.945,926.4865,924.43,26587.0
268,2020-06-08 11:56:00-04:00,2020-06-08 11:57:00-04:00,1591631760000000000,1591631820000000000,925.9263,925.6107,926.4899,925.2071,14894.0
269,2020-06-08 11:58:00-04:00,2020-06-08 11:59:00-04:00,1591631880000000000,1591631940000000000,925.6039,924.79,925.7,924.56,18975.0
270,2020-06-08 12:00:00-04:00,2020-06-08 12:01:00-04:00,1591632000000000000,1591632060000000000,924.78,925.205,925.4016,924.53,32799.0
271,2020-06-08 12:02:00-04:00,2020-06-08 12:03:00-04:00,1591632120000000000,1591632180000000000,925.2,924.91,925.5,924.2,23567.0
272,2020-06-08 12:04:00-04:00,2020-06-08 12:05:00-04:00,1591632240000000000,1591632300000000000,924.5469,924.63,925.0,924.0,31374.0
273,2020-06-08 12:06:00-04:00,2020-06-08 12:07:00-04:00,1591632360000000000,1591632420000000000,924.89,927.314,927.72,924.6,43403.0
274,2020-06-08 12:08:00-04:00,2020-06-08 12:09:00-04:00,1591632480000000000,1591632540000000000,927.2441,927.548,927.72,926.96,20836.0
275,2020-06-08 12:10:00-04:00,2020-06-08 12:11:00-04:00,1591632600000000000,1591632660000000000,927.465,927.8939,928.41,926.6501,27796.0
276,2020-06-08 12:12:00-04:00,2020-06-08 12:13:00-04:00,1591632720000000000,1591632780000000000,928.2999,927.3,928.6,927.1381,29748.0
277,2020-06-08 12:14:00-04:00,2020-06-08 12:15:00-04:00,1591632840000000000,1591632900000000000,927.77,924.49,927.77,924.1,55064.0
278,2020-06-08 12:16:00-04:00,2020-06-08 12:17:00-04:00,1591632960000000000,1591633020000000000,924.575,925.5927,925.802,924.44,34422.0
279,2020-06-08 12:18:00-04:00,2020-06-08 12:19:00-04:00,1591633080000000000,1591633140000000000,925.66,924.55,925.66,924.55,9290.0
280,2020-06-08 12:20:00-04:00,2020-06-08 12:21:00-04:00,1591633200000000000,1591633260000000000,924.535,926.53,927.0,924.535,40961.0
281,2020-06-08 12:22:00-04:00,2020-06-08 12:23:00-04:00,1591633320000000000,1591633380000000000,926.0,925.67,926.63,925.32,13473.0
282,2020-06-08 12:24:00-04:00,2020-06-08 12:25:00-04:00,1591633440000000000,1591633500000000000,925.5,925.5394,926.7057,925.2131,13351.0
283,2020-06-08 12:26:00-04:00,2020-06-08 12:27:00-04:00,1591633560000000000,1591633620000000000,925.567,927.29,927.29,925.36,15506.0
284,2020-06-08 12:28:00-04:00,2020-06-08 12:29:00-04:00,1591633680000000000,1591633740000000000,927.077,926.093,927.8299,926.093,29054.0
285,2020-06-08 12:30:00-04:00,2020-06-08 12:31:00-04:00,1591633800000000000,1591633860000000000,926.305,927.98,927.98,926.1769,22158.0
286,2020-06-08 12:32:00-04:00,2020-06-08 12:33:00-04:00,1591633920000000000,1591633980000000000,928.0,928.4,928.75,927.82,28519.0
287,2020-06-08 12:34:00-04:00,2020-06-08 12:35:00-04:00,1591634040000000000,1591634100000000000,928.49,928.25,928.49,927.55,20475.0
288,2020-06-08 12:36:00-04:00,2020-06-08 12:37:00-04:00,1591634160000000000,1591634220000000000,928.1274,929.5228,929.89,928.0703,58416.0
289,2020-06-08 12:38:00-04:00,2020-06-08 12:39:00-04:00,1591634280000000000,1591634340000000000,929.5356,929.002,930.0,928.46,168242.0
290,2020-06-08 12:40:00-04:00,2020-06-08 12:41:00-04:00,1591634400000000000,1591634460000000000,928.895,929.5,930.0,928.5507,55830.0
291,2020-06-08 12:42:00-04:00,2020-06-08 12:43:00-04:00,1591634520000000000,1591634580000000000,929.46,928.06,929.46,927.68,32669.0
292,2020-06-08 12:44:00-04:00,2020-06-08 12:45:00-04:00,1591634640000000000,1591634700000000000,928.06,927.5201,928.492,927.2001,31438.0
293,2020-06-08 12:46:00-04:00,2020-06-08 12:47:00-04:00,1591634760000000000,1591634820000000000,927.67,927.68,928.2999,926.83,27992.0
294,2020-06-08 12:48:00-04:00,2020-06-08 12:49:00-04:00,1591634880000000000,1591634940000000000,928.0749,928.99,929.21,927.77,36177.0
295,2020-06-08 12:50:00-04:00,2020-06-08 12:51:00-04:00,1591635000000000000,1591635060000000000,928.98,928.457,928.98,928.0,25370.0
296,2020-06-08 12:52:00-04:00,2020-06-08 12:53:00-04:00,1591635120000000000,1591635180000000000,928.3,928.82,928.88,927.78,21917.0
297,2020-06-08 12:54:00-04:00,2020-06-08 12:55:00-04:00,1591635240000000000,1591635300000000000,928.7,929.785,930.0,928.7,59891.0
298,2020-06-08 12:56:00-04:00,2020-06-08 12:57:00-04:00,1591635360000000000,1591635420000000000,929.781,929.16,929.8558,929.03,17770.0
299,2020-06-08 12:58:00-04:00,2020-06-08 12:59:00-04:00,1591635480000000000,1591635540000000000,929.1009,929.865,930.0,929.0,48137.0
300,2020-06-08 13:00:00-04:00,2020-06-08 13:01:00-04:00,1591635600000000000,1591635660000000000,929.77,932.735,933.0,929.77,184059.0
301,2020-06-08 13:02:00-04:00,2020-06-08 13:03:00-04:00,1591635720000000000,1591635780000000000,932.88,932.2,933.0,931.3,64514.0
302,2020-06-08 13:04:00-04:00,2020-06-08 13:05:00-04:00,1591635840000000000,1591635900000000000,931.948,934.52,934.8793,931.948,113096.0
303,2020-06-08 13:06:00-04:00,2020-06-08 13:07:00-04:00,1591635960000000000,1591636020000000000,934.51,933.9,934.51,932.5501,61930.0
304,2020-06-08 13:08:00-04:00,2020-06-08 13:09:00-04:00,1591636080000000000,1591636140000000000,933.7368,933.81,933.99,932.66,35891.0
305,2020-06-08 13:10:00-04:00,2020-06-08 13:11:00-04:00,1591636200000000000,1591636260000000000,933.8,933.07,933.8804,932.5517,26557.0
306,2020-06-08 13:12:00-04:00,2020-06-08 13:13:00-04:00,1591636320000000000,1591636380000000000,933.03,927.6689,933.2029,926.36,116288.0
307,2020-06-08 13:14:00-04:00,2020-06-08 13:15:00-04:00,1591636440000000000,1591636500000000000,927.55,928.095,929.0,927.34,47653.0
308,2020-06-08 13:16:00-04:00,2020-06-08 13:17:00-04:00,1591636560000000000,1591636620000000000,928.0,927.4496,928.0,926.17,61750.0
309,2020-06-08 13:18:00-04:00,2020-06-08 13:19:00-04:00,1591636680000000000,1591636740000000000,927.48,927.7707,928.97,927.02,53623.0
310,2020-06-08 13:20:00-04:00,2020-06-08 13:21:00-04:00,1591636800000000000,1591636860000000000,927.63,928.4,928.943,927.01,32208.0
311,2020-06-08 13:22:00-04:00,2020-06-08 13:23:00-04:00,1591636920000000000,1591636980000000000,928.36,927.86,928.85,927.11,26714.0
312,2020-06-08 13:24:00-04:00,2020-06-08 13:25:00-04:00,1591637040000000000,1591637100000000000,927.9359,928.47,929.0,927.9359,20890.0
313,2020-06-08 13:26:00-04:00,2020-06-08 13:27:00-04:00,1591637160000000000,1591637220000000000,928.5,927.9399,929.5299,927.53,33925.0
314,2020-06-08 13:28:00-04:00,2020-06-08 13:29:00-04:00,1591637280000000000,1591637340000000000,927.94,929.25,929.49,927.94,24337.0
315,2020-06-08 13:30:00-04:00,2020-06-08 13:31:00-04:00,1591637400000000000,1591637460000000000,929.2832,929.71,929.89,928.51,32219.0
316,2020-06-08 13:32:00-04:00,2020-06-08 13:33:00-04:00,1591637520000000000,1591637580000000000,929.71,930.0,930.025,929.3501,31221.0
317,2020-06-08 13:34:00-04:00,2020-06-08 13:35:00-04:00,1591637640000000000,1591637700000000000,929.8558,932.4,932.5,929.82,67959.0
318,2020-06-08 13:36:00-04:00,2020-06-08 13:37:00-04:00,1591637760000000000,1591637820000000000,932.0187,930.6604,932.9994,930.35,38688.0
319,2020-06-08 13:38:00-04:00,2020-06-08 13:39:00-04:00,1591637880000000000,1591637940000000000,930.89,931.8088,931.96,930.84,29356.0
320,2020-06-08 13:40:00-04:00,2020-06-08 13:41:00-04:00,1591638000000000000,1591638060000000000,931.845,931.455,932.43,931.455,27927.0
321,2020-06-08 13:42:00-04:00,2020-06-08 13:43:00-04:00,1591638120000000000,1591638180000000000,931.41,931.92,932.77,931.31,40531.0
322,2020-06-08 13:44:00-04:00,2020-06-08 13:45:00-04:00,1591638240000000000,1591638300000000000,931.99,933.27,933.59,931.9862,49793.0
323,2020-06-08 13:46:00-04:00,2020-06-08 13:47:00-04:00,1591638360000000000,1591638420000000000,933.2699,933.7366,934.09,933.1871,45056.0
324,2020-06-08 13:48:00-04:00,2020-06-08 13:49:00-04:00,1591638480000000000,1591638540000000000,933.6601,934.0,934.6,933.6601,39192.0
325,2020-06-08 13:50:00-04:00,2020-06-08 13:51:00-04:00,1591638600000000000,1591638660000000000,934.0,932.2173,934.0141,932.09,39818.0
326,2020-06-08 13:52:00-04:00,2020-06-08 13:53:00-04:00,1591638720000000000,1591638780000000000,932.0,932.13,932.599,931.08,28643.0
327,2020-06-08 13:54:00-04:00,2020-06-08 13:55:00-04:00,1591638840000000000,1591638900000000000,932.01,932.3701,932.8857,931.69,23558.0
328,2020-06-08 13:56:00-04:00,2020-06-08 13:57:00-04:00,1591638960000000000,1591639020000000000,932.3101,931.4147,932.73,931.12,33700.0
329,2020-06-08 13:58:00-04:00,2020-06-08 13:59:00-04:00,1591639080000000000,1591639140000000000,931.6,931.6,931.82,931.0495,23968.0
330,2020-06-08 14:00:00-04:00,2020-06-08 14:01:00-04:00,1591639200000000000,1591639260000000000,931.7232,933.07,933.37,931.0401,38626.0
331,2020-06-08 14:02:00-04:00,2020-06-08 14:03:00-04:00,1591639320000000000,1591639380000000000,933.165,933.4735,933.77,933.02,26017.0
332,2020-06-08 14:04:00-04:00,2020-06-08 14:05:00-04:00,1591639440000000000,1591639500000000000,933.5343,935.635,935.87,933.5343,141347.0
333,2020-06-08 14:06:00-04:00,2020-06-08 14:07:00-04:00,1591639560000000000,1591639620000000000,935.64,933.68,935.84,933.4299,58199.0
334,2020-06-08 14:08:00-04:00,2020-06-08 14:09:00-04:00,1591639680000000000,1591639740000000000,933.64,934.845,935.0,933.52,39914.0
335,2020-06-08 14:10:00-04:00,2020-06-08 14:11:00-04:00,1591639800000000000,1591639860000000000,934.8274,935.8583,936.0,934.6185,47789.0
336,2020-06-08 14:12:00-04:00,2020-06-08 14:13:00-04:00,1591639920000000000,1591639980000000000,935.5001,935.8,936.0,935.2,47844.0
337,2020-06-08 14:14:00-04:00,2020-06-08 14:15:00-04:00,1591640040000000000,1591640100000000000,935.6975,935.76,936.0,935.0,33651.0
338,2020-06-08 14:16:00-04:00,2020-06-08 14:17:00-04:00,1591640160000000000,1591640220000000000,935.83,935.677,936.76,935.5,46969.0
339,2020-06-08 14:18:00-04:00,2020-06-08 14:19:00-04:00,1591640280000000000,1591640340000000000,935.81,936.005,936.7999,935.5001,38737.0
340,2020-06-08 14:20:00-04:00,2020-06-08 14:21:00-04:00,1591640400000000000,1591640460000000000,935.73,935.56,935.9,935.17,23374.0
341,2020-06-08 14:22:00-04:00,2020-06-08 14:23:00-04:00,1591640520000000000,1591640580000000000,935.5301,936.5475,937.19,935.5001,52388.0
342,2020-06-08 14:24:00-04:00,2020-06-08 14:25:00-04:00,1591640640000000000,1591640700000000000,936.75,937.0,937.39,936.1101,37405.0
343,2020-06-08 14:26:00-04:00,2020-06-08 14:27:00-04:00,1591640760000000000,1591640820000000000,937.26,936.9703,937.5,936.52,24338.0
344,2020-06-08 14:28:00-04:00,2020-06-08 14:29:00-04:00,1591640880000000000,1591640940000000000,936.87,935.4237,936.87,935.22,38860.0
345,2020-06-08 14:30:00-04:00,2020-06-08 14:31:00-04:00,1591641000000000000,1591641060000000000,935.37,933.91,935.37,933.91,63529.0
346,2020-06-08 14:32:00-04:00,2020-06-08 14:33:00-04:00,1591641120000000000,1591641180000000000,934.095,934.94,935.39,933.6309,58806.0
347,2020-06-08 14:34:00-04:00,2020-06-08 14:35:00-04:00,1591641240000000000,1591641300000000000,934.8055,936.33,936.6,934.72,29209.0
348,2020-06-08 14:36:00-04:00,2020-06-08 14:37:00-04:00,1591641360000000000,1591641420000000000,936.5,936.175,937.84,936.07,56671.0
349,2020-06-08 14:38:00-04:00,2020-06-08 14:39:00-04:00,1591641480000000000,1591641540000000000,936.155,936.01,936.4999,935.6001,30849.0
350,2020-06-08 14:40:00-04:00,2020-06-08 14:41:00-04:00,1591641600000000000,1591641660000000000,936.14,937.34,937.4999,936.0,29776.0
351,2020-06-08 14:42:00-04:00,2020-06-08 14:43:00-04:00,1591641720000000000,1591641780000000000,937.34,937.2616,937.96,936.6001,38412.0
352,2020-06-08 14:44:00-04:00,2020-06-08 14:45:00-04:00,1591641840000000000,1591641900000000000,937.2978,936.6,937.61,936.51,29952.0
353,2020-06-08 14:46:00-04:00,2020-06-08 14:47:00-04:00,1591641960000000000,1591642020000000000,936.76,937.8999,937.99,936.715,32239.0
354,2020-06-08 14:48:00-04:00,2020-06-08 14:49:00-04:00,1591642080000000000,1591642140000000000,937.88,938.77,938.94,937.6,61683.0
355,2020-06-08 14:50:00-04:00,2020-06-08 14:51:00-04:00,1591642200000000000,1591642260000000000,938.83,938.5714,939.0,938.11,40808.0
356,2020-06-08 14:52:00-04:00,2020-06-08 14:53:00-04:00,1591642320000000000,1591642380000000000,938.77,939.685,939.9,938.65,53781.0
357,2020-06-08 14:54:00-04:00,2020-06-08 14:55:00-04:00,1591642440000000000,1591642500000000000,939.5,938.64,939.8472,938.4,34101.0
358,2020-06-08 14:56:00-04:00,2020-06-08 14:57:00-04:00,1591642560000000000,1591642620000000000,938.56,940.88,941.01,938.53,101867.0
359,2020-06-08 14:58:00-04:00,2020-06-08 14:59:00-04:00,1591642680000000000,1591642740000000000,940.805,940.43,941.0,940.05,59469.0
360,2020-06-08 15:00:00-04:00,2020-06-08 15:01:00-04:00,1591642800000000000,1591642860000000000,940.43,941.7238,941.9699,939.8101,55936.0
361,2020-06-08 15:02:00-04:00,2020-06-08 15:03:00-04:00,1591642920000000000,1591642980000000000,941.72,941.91,942.38,941.12,55422.0
362,2020-06-08 15:04:00-04:00,2020-06-08 15:05:00-04:00,1591643040000000000,1591643100000000000,941.79,939.493,941.83,939.2501,76234.0
363,2020-06-08 15:06:00-04:00,2020-06-08 15:07:00-04:00,1591643160000000000,1591643220000000000,939.2542,940.115,940.28,937.56,77108.0
364,2020-06-08 15:08:00-04:00,2020-06-08 15:09:00-04:00,1591643280000000000,1591643340000000000,939.9337,941.3871,941.868,939.19,48873.0
365,2020-06-08 15:10:00-04:00,2020-06-08 15:11:00-04:00,1591643400000000000,1591643460000000000,941.29,941.54,941.7399,940.6,43503.0
366,2020-06-08 15:12:00-04:00,2020-06-08 15:13:00-04:00,1591643520000000000,1591643580000000000,941.48,941.31,942.18,941.0,52629.0
367,2020-06-08 15:14:00-04:00,2020-06-08 15:15:00-04:00,1591643640000000000,1591643700000000000,941.4706,941.505,942.0,941.22,27876.0
368,2020-06-08 15:16:00-04:00,2020-06-08 15:17:00-04:00,1591643760000000000,1591643820000000000,941.515,940.0,941.67,940.0,37071.0
369,2020-06-08 15:18:00-04:00,2020-06-08 15:19:00-04:00,1591643880000000000,1591643940000000000,940.2,940.6044,940.7799,939.2,38528.0
370,2020-06-08 15:20:00-04:00,2020-06-08 15:21:00-04:00,1591644000000000000,1591644060000000000,940.72,941.3,941.99,940.54,44712.0
371,2020-06-08 15:22:00-04:00,2020-06-08 15:23:00-04:00,1591644120000000000,1591644180000000000,941.5516,943.8899,943.8899,941.19,82535.0
372,2020-06-08 15:24:00-04:00,2020-06-08 15:25:00-04:00,1591644240000000000,1591644300000000000,943.89,943.7979,944.42,943.085,97812.0
373,2020-06-08 15:26:00-04:00,2020-06-08 15:27:00-04:00,1591644360000000000,1591644420000000000,943.72,944.34,944.5,943.0,84860.0
374,2020-06-08 15:28:00-04:00,2020-06-08 15:29:00-04:00,1591644480000000000,1591644540000000000,944.3298,944.135,944.7,943.1101,52104.0
375,2020-06-08 15:30:00-04:00,2020-06-08 15:31:00-04:00,1591644600000000000,1591644660000000000,944.0,944.345,945.3159,944.0,86779.0
376,2020-06-08 15:32:00-04:00,2020-06-08 15:33:00-04:00,1591644720000000000,1591644780000000000,944.355,945.94,946.3644,944.355,122463.0
377,2020-06-08 15:34:00-04:00,2020-06-08 15:35:00-04:00,1591644840000000000,1591644900000000000,945.9168,947.6,947.6,945.5,87829.0
378,2020-06-08 15:36:00-04:00,2020-06-08 15:37:00-04:00,1591644960000000000,1591645020000000000,947.5,947.21,947.6848,946.1545,69682.0
379,2020-06-08 15:38:00-04:00,2020-06-08 15:39:00-04:00,1591645080000000000,1591645140000000000,947.0,948.22,948.31,946.95,109495.0
380,2020-06-08 15:40:00-04:00,2020-06-08 15:41:00-04:00,1591645200000000000,1591645260000000000,948.3499,949.0,949.0,947.78,99828.0
381,2020-06-08 15:42:00-04:00,2020-06-08 15:43:00-04:00,1591645320000000000,1591645380000000000,948.9999,948.32,949.19,947.13,111985.0
382,2020-06-08 15:44:00-04:00,2020-06-08 15:45:00-04:00,1591645440000000000,1591645500000000000,948.31,946.5275,948.38,946.0,83411.0
383,2020-06-08 15:46:00-04:00,2020-06-08 15:47:00-04:00,1591645560000000000,1591645620000000000,946.4968,946.95,947.4956,946.0,90712.0
384,2020-06-08 15:48:00-04:00,2020-06-08 15:49:00-04:00,1591645680000000000,1591645740000000000,946.99,948.75,948.75,946.8401,99322.0
385,2020-06-08 15:50:00-04:00,2020-06-08 15:51:00-04:00,1591645800000000000,1591645860000000000,948.88,949.745,949.99,948.51,110124.0
386,2020-06-08 15:52:00-04:00,2020-06-08 15:53:00-04:00,1591645920000000000,1591645980000000000,949.9,949.81,950.0,949.2101,97023.0
387,2020-06-08 15:54:00-04:00,2020-06-08 15:55:00-04:00,1591646040000000000,1591646100000000000,950.0,949.81,950.0,949.65,111234.0
388,2020-06-08 15:56:00-04:00,2020-06-08 15:57:00-04:00,1591646160000000000,1591646220000000000,949.97,948.759,950.0,948.6,160250.0
389,2020-06-08 15:58:00-04:00,2020-06-08 15:59:00-04:00,1591646280000000000,1591646340000000000,948.8,949.13,949.98,947.12,219207.0
390,2020-06-09 09:30:00-04:00,2020-06-09 09:31:00-04:00,1591709400000000000,1591709460000000000,940.01,943.93,944.0,938.12,261194.0
391,2020-06-09 09:32:00-04:00,2020-06-09 09:33:00-04:00,1591709520000000000,1591709580000000000,943.2339,935.35,944.2,935.0,136354.0
392,2020-06-09 09:34:00-04:00,2020-06-09 09:35:00-04:00,1591709640000000000,1591709700000000000,936.4799,937.25,937.6165,932.0,183980.0
393,2020-06-09 09:36:00-04:00,2020-06-09 09:37:00-04:00,1591709760000000000,1591709820000000000,937.09,938.365,939.39,935.5,125477.0
394,2020-06-09 09:38:00-04:00,2020-06-09 09:39:00-04:00,1591709880000000000,1591709940000000000,938.395,931.468,939.77,931.02,145928.0
395,2020-06-09 09:40:00-04:00,2020-06-09 09:41:00-04:00,1591710000000000000,1591710060000000000,931.4217,933.955,935.5,931.04,102107.0
396,2020-06-09 09:42:00-04:00,2020-06-09 09:43:00-04:00,1591710120000000000,1591710180000000000,933.99,936.5875,937.34,932.4,97829.0
397,2020-06-09 09:44:00-04:00,2020-06-09 09:45:00-04:00,1591710240000000000,1591710300000000000,936.19,936.2438,937.069,934.15,83315.0
398,2020-06-09 09:46:00-04:00,2020-06-09 09:47:00-04:00,1591710360000000000,1591710420000000000,936.89,937.575,938.49,933.53,105367.0
399,2020-06-09 09:48:00-04:00,2020-06-09 09:49:00-04:00,1591710480000000000,1591710540000000000,936.7315,933.58,937.68,932.5,87329.0
400,2020-06-09 09:50:00-04:00,2020-06-09 09:51:00-04:00,1591710600000000000,1591710660000000000,933.58,933.838,935.5,933.13,80795.0
401,2020-06-09 09:52:00-04:00,2020-06-09 09:53:00-04:00,1591710720000000000,1591710780000000000,933.852,934.0,934.0499,931.52,90423.0
402,2020-06-09 09:54:00-04:00,2020-06-09 09:55:00-04:00,1591710840000000000,1591710900000000000,934.01,935.52,937.0,934.01,80707.0
403,2020-06-09 09:56:00-04:00,2020-06-09 09:57:00-04:00,1591710960000000000,1591711020000000000,935.48,929.161,937.52,928.88,143146.0
404,2020-06-09 09:58:00-04:00,2020-06-09 09:59:00-04:00,1591711080000000000,1591711140000000000,928.88,931.48,932.88,928.88,104190.0
405,2020-06-09 10:00:00-04:00,2020-06-09 10:01:00-04:00,1591711200000000000,1591711260000000000,931.45,926.85,931.8271,925.51,159093.0
406,2020-06-09 10:02:00-04:00,2020-06-09 10:03:00-04:00,1591711320000000000,1591711380000000000,927.0,927.9533,928.48,923.931,145023.0
407,2020-06-09 10:04:00-04:00,2020-06-09 10:05:00-04:00,1591711440000000000,1591711500000000000,927.8858,930.735,931.5,927.8858,86275.0
408,2020-06-09 10:06:00-04:00,2020-06-09 10:07:00-04:00,1591711560000000000,1591711620000000000,930.5,930.7717,931.48,928.01,90569.0
409,2020-06-09 10:08:00-04:00,2020-06-09 10:09:00-04:00,1591711680000000000,1591711740000000000,930.8999,930.82,931.9194,929.38,79348.0
410,2020-06-09 10:10:00-04:00,2020-06-09 10:11:00-04:00,1591711800000000000,1591711860000000000,930.8,928.38,932.2,927.58,77974.0
411,2020-06-09 10:12:00-04:00,2020-06-09 10:13:00-04:00,1591711920000000000,1591711980000000000,928.7,927.2514,928.77,925.0301,87701.0
412,2020-06-09 10:14:00-04:00,2020-06-09 10:15:00-04:00,1591712040000000000,1591712100000000000,927.53,930.7877,930.99,927.3923,80229.0
413,2020-06-09 10:16:00-04:00,2020-06-09 10:17:00-04:00,1591712160000000000,1591712220000000000,930.8273,933.6022,933.88,930.8,109401.0
414,2020-06-09 10:18:00-04:00,2020-06-09 10:19:00-04:00,1591712280000000000,1591712340000000000,933.32,935.69,935.69,933.0001,106287.0
415,2020-06-09 10:20:00-04:00,2020-06-09 10:21:00-04:00,1591712400000000000,1591712460000000000,935.2501,935.3078,935.85,933.21,75536.0
416,2020-06-09 10:22:00-04:00,2020-06-09 10:23:00-04:00,1591712520000000000,1591712580000000000,935.3432,936.79,937.8,935.17,100528.0
417,2020-06-09 10:24:00-04:00,2020-06-09 10:25:00-04:00,1591712640000000000,1591712700000000000,936.38,936.7954,936.7954,934.0332,59839.0
418,2020-06-09 10:26:00-04:00,2020-06-09 10:27:00-04:00,1591712760000000000,1591712820000000000,936.51,935.819,936.8418,934.36,56236.0
419,2020-06-09 10:28:00-04:00,2020-06-09 10:29:00-04:00,1591712880000000000,1591712940000000000,935.8,936.5,936.5,934.38,42529.0
420,2020-06-09 10:30:00-04:00,2020-06-09 10:31:00-04:00,1591713000000000000,1591713060000000000,936.175,937.2977,938.09,935.99,49645.0
421,2020-06-09 10:32:00-04:00,2020-06-09 10:33:00-04:00,1591713120000000000,1591713180000000000,937.18,935.8,937.42,935.6724,35609.0
422,2020-06-09 10:34:00-04:00,2020-06-09 10:35:00-04:00,1591713240000000000,1591713300000000000,935.8642,934.715,936.41,934.48,32488.0
423,2020-06-09 10:36:00-04:00,2020-06-09 10:37:00-04:00,1591713360000000000,1591713420000000000,934.66,936.82,937.0,934.66,39287.0
424,2020-06-09 10:38:00-04:00,2020-06-09 10:39:00-04:00,1591713480000000000,1591713540000000000,936.6742,936.78,937.05,935.81,24234.0
425,2020-06-09 10:40:00-04:00,2020-06-09 10:41:00-04:00,1591713600000000000,1591713660000000000,936.9005,938.9617,939.14,936.25,73502.0
426,2020-06-09 10:42:00-04:00,2020-06-09 10:43:00-04:00,1591713720000000000,1591713780000000000,939.0,940.637,941.31,938.71,108752.0
427,2020-06-09 10:44:00-04:00,2020-06-09 10:45:00-04:00,1591713840000000000,1591713900000000000,940.735,942.185,942.23,939.4501,89670.0
428,2020-06-09 10:46:00-04:00,2020-06-09 10:47:00-04:00,1591713960000000000,1591714020000000000,942.12,940.54,942.9,940.41,84710.0
429,2020-06-09 10:48:00-04:00,2020-06-09 10:49:00-04:00,1591714080000000000,1591714140000000000,940.655,941.6867,942.27,940.0801,40502.0
430,2020-06-09 10:50:00-04:00,2020-06-09 10:51:00-04:00,1591714200000000000,1591714260000000000,941.6,943.7044,944.0,941.17,83410.0
431,2020-06-09 10:52:00-04:00,2020-06-09 10:53:00-04:00,1591714320000000000,1591714380000000000,944.0,945.0,945.23,942.1001,99984.0
432,2020-06-09 10:54:00-04:00,2020-06-09 10:55:00-04:00,1591714440000000000,1591714500000000000,944.9984,947.2407,947.97,944.947,116970.0
433,2020-06-09 10:56:00-04:00,2020-06-09 10:57:00-04:00,1591714560000000000,1591714620000000000,947.235,947.5813,947.88,945.5101,73849.0
434,2020-06-09 10:58:00-04:00,2020-06-09 10:59:00-04:00,1591714680000000000,1591714740000000000,947.58,951.0,952.95,947.0,205814.0
435,2020-06-09 11:00:00-04:00,2020-06-09 11:01:00-04:00,1591714800000000000,1591714860000000000,950.8499,951.455,954.4399,950.1,167000.0
436,2020-06-09 11:02:00-04:00,2020-06-09 11:03:00-04:00,1591714920000000000,1591714980000000000,951.2535,947.66,952.0,946.68,106407.0
437,2020-06-09 11:04:00-04:00,2020-06-09 11:05:00-04:00,1591715040000000000,1591715100000000000,947.834,948.84,951.12,947.665,100888.0
438,2020-06-09 11:06:00-04:00,2020-06-09 11:07:00-04:00,1591715160000000000,1591715220000000000,948.53,944.51,949.0,943.55,87131.0
439,2020-06-09 11:08:00-04:00,2020-06-09 11:09:00-04:00,1591715280000000000,1591715340000000000,944.285,947.0,947.0,944.18,76215.0
440,2020-06-09 11:10:00-04:00,2020-06-09 11:11:00-04:00,1591715400000000000,1591715460000000000,946.475,948.9,949.42,946.0,44848.0
441,2020-06-09 11:12:00-04:00,2020-06-09 11:13:00-04:00,1591715520000000000,1591715580000000000,948.8797,946.7245,949.25,946.54,47566.0
442,2020-06-09 11:14:00-04:00,2020-06-09 11:15:00-04:00,1591715640000000000,1591715700000000000,946.92,942.3429,947.1644,941.7,89536.0
443,2020-06-09 11:16:00-04:00,2020-06-09 11:17:00-04:00,1591715760000000000,1591715820000000000,942.4,943.4599,944.34,941.33,95853.0
444,2020-06-09 11:18:00-04:00,2020-06-09 11:19:00-04:00,1591715880000000000,1591715940000000000,943.97,944.5601,945.315,943.0,40316.0
445,2020-06-09 11:20:00-04:00,2020-06-09 11:21:00-04:00,1591716000000000000,1591716060000000000,945.05,945.1,945.3899,943.5685,40724.0
446,2020-06-09 11:22:00-04:00,2020-06-09 11:23:00-04:00,1591716120000000000,1591716180000000000,944.99,947.2173,948.0,944.94,60304.0
447,2020-06-09 11:24:00-04:00,2020-06-09 11:25:00-04:00,1591716240000000000,1591716300000000000,947.0,947.1802,948.0,946.1601,35937.0
448,2020-06-09 11:26:00-04:00,2020-06-09 11:27:00-04:00,1591716360000000000,1591716420000000000,947.1505,945.85,947.401,945.75,20555.0
449,2020-06-09 11:28:00-04:00,2020-06-09 11:29:00-04:00,1591716480000000000,1591716540000000000,946.065,947.42,947.42,945.12,19847.0
450,2020-06-09 11:30:00-04:00,2020-06-09 11:31:00-04:00,1591716600000000000,1591716660000000000,946.63,945.5,947.25,944.71,31789.0
451,2020-06-09 11:32:00-04:00,2020-06-09 11:33:00-04:00,1591716720000000000,1591716780000000000,945.54,944.0,945.84,943.2,33124.0
452,2020-06-09 11:34:00-04:00,2020-06-09 11:35:00-04:00,1591716840000000000,1591716900000000000,943.87,943.02,944.2633,942.7301,30595.0
453,2020-06-09 11:36:00-04:00,2020-06-09 11:37:00-04:00,1591716960000000000,1591717020000000000,942.9901,944.32,944.6081,942.94,17636.0
454,2020-06-09 11:38:00-04:00,2020-06-09 11:39:00-04:00,1591717080000000000,1591717140000000000,944.73,945.9,945.9699,944.0001,29501.0
455,2020-06-09 11:40:00-04:00,2020-06-09 11:41:00-04:00,1591717200000000000,1591717260000000000,945.96,945.5067,947.33,945.5001,38631.0
456,2020-06-09 11:42:00-04:00,2020-06-09 11:43:00-04:00,1591717320000000000,1591717380000000000,945.941,946.5,946.89,945.0,22089.0
457,2020-06-09 11:44:00-04:00,2020-06-09 11:45:00-04:00,1591717440000000000,1591717500000000000,946.575,946.58,947.02,945.53,32023.0
458,2020-06-09 11:46:00-04:00,2020-06-09 11:47:00-04:00,1591717560000000000,1591717620000000000,946.4724,946.76,948.35,946.47,39113.0
459,2020-06-09 11:48:00-04:00,2020-06-09 11:49:00-04:00,1591717680000000000,1591717740000000000,946.91,948.19,948.5,946.91,35998.0
460,2020-06-09 11:50:00-04:00,2020-06-09 11:51:00-04:00,1591717800000000000,1591717860000000000,948.03,947.63,948.32,946.75,29023.0
461,2020-06-09 11:52:00-04:00,2020-06-09 11:53:00-04:00,1591717920000000000,1591717980000000000,947.7273,944.69,947.7273,944.5,41081.0
462,2020-06-09 11:54:00-04:00,2020-06-09 11:55:00-04:00,1591718040000000000,1591718100000000000,944.41,940.42,944.82,939.15,150662.0
463,2020-06-09 11:56:00-04:00,2020-06-09 11:57:00-04:00,1591718160000000000,1591718220000000000,940.2248,941.935,943.0,939.51,87103.0
464,2020-06-09 11:58:00-04:00,2020-06-09 11:59:00-04:00,1591718280000000000,1591718340000000000,941.9934,941.03,942.14,940.75,33594.0
465,2020-06-09 12:00:00-04:00,2020-06-09 12:01:00-04:00,1591718400000000000,1591718460000000000,941.4496,943.17,944.41,941.2237,53838.0
466,2020-06-09 12:02:00-04:00,2020-06-09 12:03:00-04:00,1591718520000000000,1591718580000000000,943.19,942.13,943.5399,941.86,26764.0
467,2020-06-09 12:04:00-04:00,2020-06-09 12:05:00-04:00,1591718640000000000,1591718700000000000,942.09,941.13,942.3,941.13,25932.0
468,2020-06-09 12:06:00-04:00,2020-06-09 12:07:00-04:00,1591718760000000000,1591718820000000000,941.4321,941.91,943.0,941.06,36671.0
469,2020-06-09 12:08:00-04:00,2020-06-09 12:09:00-04:00,1591718880000000000,1591718940000000000,942.1033,942.72,943.1379,941.75,33576.0
470,2020-06-09 12:10:00-04:00,2020-06-09 12:11:00-04:00,1591719000000000000,1591719060000000000,942.79,942.755,943.0371,942.12,19159.0
471,2020-06-09 12:12:00-04:00,2020-06-09 12:13:00-04:00,1591719120000000000,1591719180000000000,942.54,942.539,943.4099,942.32,25987.0
472,2020-06-09 12:14:00-04:00,2020-06-09 12:15:00-04:00,1591719240000000000,1591719300000000000,942.35,940.45,942.36,940.0401,41552.0
473,2020-06-09 12:16:00-04:00,2020-06-09 12:17:00-04:00,1591719360000000000,1591719420000000000,940.5834,938.37,940.7199,937.46,73301.0
474,2020-06-09 12:18:00-04:00,2020-06-09 12:19:00-04:00,1591719480000000000,1591719540000000000,938.54,939.9,940.5,938.53,37530.0
475,2020-06-09 12:20:00-04:00,2020-06-09 12:21:00-04:00,1591719600000000000,1591719660000000000,940.115,940.29,941.04,940.031,28656.0
476,2020-06-09 12:22:00-04:00,2020-06-09 12:23:00-04:00,1591719720000000000,1591719780000000000,940.82,942.33,942.4999,940.5001,35082.0
477,2020-06-09 12:24:00-04:00,2020-06-09 12:25:00-04:00,1591719840000000000,1591719900000000000,942.4702,943.7,943.8,942.03,29759.0
478,2020-06-09 12:26:00-04:00,2020-06-09 12:27:00-04:00,1591719960000000000,1591720020000000000,943.635,943.4001,944.3199,943.03,45580.0
479,2020-06-09 12:28:00-04:00,2020-06-09 12:29:00-04:00,1591720080000000000,1591720140000000000,943.38,944.99,945.01,942.96,33789.0
480,2020-06-09 12:30:00-04:00,2020-06-09 12:31:00-04:00,1591720200000000000,1591720260000000000,944.84,944.5644,945.5789,944.3001,49814.0
481,2020-06-09 12:32:00-04:00,2020-06-09 12:33:00-04:00,1591720320000000000,1591720380000000000,944.59,944.6201,945.1436,944.59,17107.0
482,2020-06-09 12:34:00-04:00,2020-06-09 12:35:00-04:00,1591720440000000000,1591720500000000000,944.92,945.18,945.18,944.0,26641.0
483,2020-06-09 12:36:00-04:00,2020-06-09 12:37:00-04:00,1591720560000000000,1591720620000000000,945.0457,947.63,947.9699,944.9437,64198.0
484,2020-06-09 12:38:00-04:00,2020-06-09 12:39:00-04:00,1591720680000000000,1591720740000000000,947.8,949.3019,949.8045,947.5201,71068.0
485,2020-06-09 12:40:00-04:00,2020-06-09 12:41:00-04:00,1591720800000000000,1591720860000000000,949.155,948.67,949.33,948.002,37971.0
486,2020-06-09 12:42:00-04:00,2020-06-09 12:43:00-04:00,1591720920000000000,1591720980000000000,948.32,948.4,948.73,947.58,34353.0
487,2020-06-09 12:44:00-04:00,2020-06-09 12:45:00-04:00,1591721040000000000,1591721100000000000,948.34,950.105,950.28,948.08,63355.0
488,2020-06-09 12:46:00-04:00,2020-06-09 12:47:00-04:00,1591721160000000000,1591721220000000000,950.1216,951.745,951.9899,949.4,68982.0
489,2020-06-09 12:48:00-04:00,2020-06-09 12:49:00-04:00,1591721280000000000,1591721340000000000,951.84,950.5423,951.99,950.02,42872.0
490,2020-06-09 12:50:00-04:00,2020-06-09 12:51:00-04:00,1591721400000000000,1591721460000000000,950.7148,951.7853,951.9,950.17,44314.0
491,2020-06-09 12:52:00-04:00,2020-06-09 12:53:00-04:00,1591721520000000000,1591721580000000000,951.68,950.15,952.0,949.1566,52645.0
492,2020-06-09 12:54:00-04:00,2020-06-09 12:55:00-04:00,1591721640000000000,1591721700000000000,950.1629,948.87,950.6,948.2,44995.0
493,2020-06-09 12:56:00-04:00,2020-06-09 12:57:00-04:00,1591721760000000000,1591721820000000000,948.6034,947.66,948.8699,947.511,36601.0
494,2020-06-09 12:58:00-04:00,2020-06-09 12:59:00-04:00,1591721880000000000,1591721940000000000,947.78,949.4499,949.89,947.61,37122.0
495,2020-06-09 13:00:00-04:00,2020-06-09 13:01:00-04:00,1591722000000000000,1591722060000000000,949.24,949.04,949.59,948.7,21113.0
496,2020-06-09 13:02:00-04:00,2020-06-09 13:03:00-04:00,1591722120000000000,1591722180000000000,949.14,950.5901,950.87,948.88,41996.0
497,2020-06-09 13:04:00-04:00,2020-06-09 13:05:00-04:00,1591722240000000000,1591722300000000000,950.76,951.88,953.0,950.76,80920.0
498,2020-06-09 13:06:00-04:00,2020-06-09 13:07:00-04:00,1591722360000000000,1591722420000000000,952.0,953.49,954.0,951.885,61245.0
499,2020-06-09 13:08:00-04:00,2020-06-09 13:09:00-04:00,1591722480000000000,1591722540000000000,953.51,952.76,953.7975,952.5301,36843.0
500,2020-06-09 13:10:00-04:00,2020-06-09 13:11:00-04:00,1591722600000000000,1591722660000000000,952.82,952.585,953.1699,952.24,28919.0
501,2020-06-09 13:12:00-04:00,2020-06-09 13:13:00-04:00,1591722720000000000,1591722780000000000,952.74,948.2126,952.78,947.77,92370.0
502,2020-06-09 13:14:00-04:00,2020-06-09 13:15:00-04:00,1591722840000000000,1591722900000000000,948.25,948.371,948.655,947.0,46601.0
503,2020-06-09 13:16:00-04:00,2020-06-09 13:17:00-04:00,1591722960000000000,1591723020000000000,948.69,946.09,949.8,945.25,74991.0
504,2020-06-09 13:18:00-04:00,2020-06-09 13:19:00-04:00,1591723080000000000,1591723140000000000,946.0423,946.735,947.17,945.775,42561.0
505,2020-06-09 13:20:00-04:00,2020-06-09 13:21:00-04:00,1591723200000000000,1591723260000000000,946.715,948.595,949.0,946.66,47377.0
506,2020-06-09 13:22:00-04:00,2020-06-09 13:23:00-04:00,1591723320000000000,1591723380000000000,948.5326,949.8401,950.7879,948.39,43139.0
507,2020-06-09 13:24:00-04:00,2020-06-09 13:25:00-04:00,1591723440000000000,1591723500000000000,950.1868,950.5,951.8,950.03,44875.0
508,2020-06-09 13:26:00-04:00,2020-06-09 13:27:00-04:00,1591723560000000000,1591723620000000000,950.9999,951.4799,951.65,950.185,26140.0
509,2020-06-09 13:28:00-04:00,2020-06-09 13:29:00-04:00,1591723680000000000,1591723740000000000,951.4575,950.71,951.47,949.755,34683.0
510,2020-06-09 13:30:00-04:00,2020-06-09 13:31:00-04:00,1591723800000000000,1591723860000000000,950.89,950.77,951.4,950.2,15180.0
511,2020-06-09 13:32:00-04:00,2020-06-09 13:33:00-04:00,1591723920000000000,1591723980000000000,950.6,950.9743,951.25,950.35,20754.0
512,2020-06-09 13:34:00-04:00,2020-06-09 13:35:00-04:00,1591724040000000000,1591724100000000000,951.2,952.37,952.78,950.8,37526.0
513,2020-06-09 13:36:00-04:00,2020-06-09 13:37:00-04:00,1591724160000000000,1591724220000000000,952.63,951.535,952.98,951.0,28808.0
514,2020-06-09 13:38:00-04:00,2020-06-09 13:39:00-04:00,1591724280000000000,1591724340000000000,951.485,952.05,953.0,951.3,35867.0
515,2020-06-09 13:40:00-04:00,2020-06-09 13:41:00-04:00,1591724400000000000,1591724460000000000,952.06,952.24,952.7799,951.8,29364.0
516,2020-06-09 13:42:00-04:00,2020-06-09 13:43:00-04:00,1591724520000000000,1591724580000000000,952.01,951.36,952.44,951.36,27876.0
517,2020-06-09 13:44:00-04:00,2020-06-09 13:45:00-04:00,1591724640000000000,1591724700000000000,951.41,951.245,952.0,950.9,18661.0
518,2020-06-09 13:46:00-04:00,2020-06-09 13:47:00-04:00,1591724760000000000,1591724820000000000,951.285,950.57,951.35,950.42,21648.0
519,2020-06-09 13:48:00-04:00,2020-06-09 13:49:00-04:00,1591724880000000000,1591724940000000000,950.43,948.555,950.58,948.51,43817.0
520,2020-06-09 13:50:00-04:00,2020-06-09 13:51:00-04:00,1591725000000000000,1591725060000000000,948.51,948.0584,948.5903,947.51,48182.0
521,2020-06-09 13:52:00-04:00,2020-06-09 13:53:00-04:00,1591725120000000000,1591725180000000000,948.2,946.9917,948.748,946.5,46638.0
522,2020-06-09 13:54:00-04:00,2020-06-09 13:55:00-04:00,1591725240000000000,1591725300000000000,947.05,945.7893,947.24,945.29,54525.0
523,2020-06-09 13:56:00-04:00,2020-06-09 13:57:00-04:00,1591725360000000000,1591725420000000000,946.2,948.19,948.74,945.2,60168.0
524,2020-06-09 13:58:00-04:00,2020-06-09 13:59:00-04:00,1591725480000000000,1591725540000000000,948.1925,948.665,948.9508,947.02,40848.0
525,2020-06-09 14:00:00-04:00,2020-06-09 14:01:00-04:00,1591725600000000000,1591725660000000000,948.9,946.79,949.27,946.0,37561.0
526,2020-06-09 14:02:00-04:00,2020-06-09 14:03:00-04:00,1591725720000000000,1591725780000000000,946.955,947.97,948.1571,946.35,25122.0
527,2020-06-09 14:04:00-04:00,2020-06-09 14:05:00-04:00,1591725840000000000,1591725900000000000,947.97,948.29,948.5,947.7,16442.0
528,2020-06-09 14:06:00-04:00,2020-06-09 14:07:00-04:00,1591725960000000000,1591726020000000000,948.48,947.5975,948.48,947.22,27661.0
529,2020-06-09 14:08:00-04:00,2020-06-09 14:09:00-04:00,1591726080000000000,1591726140000000000,947.595,945.8452,947.68,945.694,33818.0
530,2020-06-09 14:10:00-04:00,2020-06-09 14:11:00-04:00,1591726200000000000,1591726260000000000,946.02,946.48,946.99,945.55,30889.0
531,2020-06-09 14:12:00-04:00,2020-06-09 14:13:00-04:00,1591726320000000000,1591726380000000000,946.485,947.55,948.0,946.445,29110.0
532,2020-06-09 14:14:00-04:00,2020-06-09 14:15:00-04:00,1591726440000000000,1591726500000000000,947.51,946.35,947.65,946.05,20251.0
533,2020-06-09 14:16:00-04:00,2020-06-09 14:17:00-04:00,1591726560000000000,1591726620000000000,946.11,946.5425,946.8,945.4,39409.0
534,2020-06-09 14:18:00-04:00,2020-06-09 14:19:00-04:00,1591726680000000000,1591726740000000000,946.0301,945.5,946.98,945.2,25827.0
535,2020-06-09 14:20:00-04:00,2020-06-09 14:21:00-04:00,1591726800000000000,1591726860000000000,945.27,943.8001,945.71,943.262,51913.0
536,2020-06-09 14:22:00-04:00,2020-06-09 14:23:00-04:00,1591726920000000000,1591726980000000000,944.2,943.67,944.53,943.58,41545.0
537,2020-06-09 14:24:00-04:00,2020-06-09 14:25:00-04:00,1591727040000000000,1591727100000000000,943.71,945.105,945.68,943.68,45803.0
538,2020-06-09 14:26:00-04:00,2020-06-09 14:27:00-04:00,1591727160000000000,1591727220000000000,944.94,944.63,945.1,944.3101,29685.0
539,2020-06-09 14:28:00-04:00,2020-06-09 14:29:00-04:00,1591727280000000000,1591727340000000000,944.65,945.825,946.24,944.65,31955.0
540,2020-06-09 14:30:00-04:00,2020-06-09 14:31:00-04:00,1591727400000000000,1591727460000000000,945.78,946.785,947.25,945.77,38873.0
541,2020-06-09 14:32:00-04:00,2020-06-09 14:33:00-04:00,1591727520000000000,1591727580000000000,946.9,946.8233,947.773,946.35,22685.0
542,2020-06-09 14:34:00-04:00,2020-06-09 14:35:00-04:00,1591727640000000000,1591727700000000000,946.78,945.725,947.7399,945.52,31817.0
543,2020-06-09 14:36:00-04:00,2020-06-09 14:37:00-04:00,1591727760000000000,1591727820000000000,945.695,945.185,945.8863,944.7,31228.0
544,2020-06-09 14:38:00-04:00,2020-06-09 14:39:00-04:00,1591727880000000000,1591727940000000000,945.4299,945.77,946.3599,944.7001,25898.0
545,2020-06-09 14:40:00-04:00,2020-06-09 14:41:00-04:00,1591728000000000000,1591728060000000000,945.295,944.98,946.0,944.0,23979.0
546,2020-06-09 14:42:00-04:00,2020-06-09 14:43:00-04:00,1591728120000000000,1591728180000000000,944.98,945.045,945.46,944.75,16339.0
547,2020-06-09 14:44:00-04:00,2020-06-09 14:45:00-04:00,1591728240000000000,1591728300000000000,944.87,944.81,945.214,944.4225,15954.0
548,2020-06-09 14:46:00-04:00,2020-06-09 14:47:00-04:00,1591728360000000000,1591728420000000000,944.761,944.71,945.18,944.52,25688.0
549,2020-06-09 14:48:00-04:00,2020-06-09 14:49:00-04:00,1591728480000000000,1591728540000000000,945.1099,946.72,947.02,944.645,38711.0
550,2020-06-09 14:50:00-04:00,2020-06-09 14:51:00-04:00,1591728600000000000,1591728660000000000,946.715,947.7201,947.89,946.715,47397.0
551,2020-06-09 14:52:00-04:00,2020-06-09 14:53:00-04:00,1591728720000000000,1591728780000000000,947.88,947.04,948.0,945.96,31720.0
552,2020-06-09 14:54:00-04:00,2020-06-09 14:55:00-04:00,1591728840000000000,1591728900000000000,947.19,947.005,947.68,946.89,23605.0
553,2020-06-09 14:56:00-04:00,2020-06-09 14:57:00-04:00,1591728960000000000,1591729020000000000,946.985,946.145,947.3,945.5235,20664.0
554,2020-06-09 14:58:00-04:00,2020-06-09 14:59:00-04:00,1591729080000000000,1591729140000000000,946.217,946.3401,946.8975,945.79,16611.0
555,2020-06-09 15:00:00-04:00,2020-06-09 15:01:00-04:00,1591729200000000000,1591729260000000000,946.815,946.625,946.98,946.1,19636.0
556,2020-06-09 15:02:00-04:00,2020-06-09 15:03:00-04:00,1591729320000000000,1591729380000000000,946.64,946.164,947.06,946.164,18458.0
557,2020-06-09 15:04:00-04:00,2020-06-09 15:05:00-04:00,1591729440000000000,1591729500000000000,946.38,944.62,946.5401,944.26,24347.0
558,2020-06-09 15:06:00-04:00,2020-06-09 15:07:00-04:00,1591729560000000000,1591729620000000000,944.6,943.78,944.65,942.29,46546.0
559,2020-06-09 15:08:00-04:00,2020-06-09 15:09:00-04:00,1591729680000000000,1591729740000000000,943.61,944.45,944.5,942.18,66488.0
560,2020-06-09 15:10:00-04:00,2020-06-09 15:11:00-04:00,1591729800000000000,1591729860000000000,944.45,944.63,945.0,943.89,45902.0
561,2020-06-09 15:12:00-04:00,2020-06-09 15:13:00-04:00,1591729920000000000,1591729980000000000,944.6,944.5,945.0,944.0,37004.0
562,2020-06-09 15:14:00-04:00,2020-06-09 15:15:00-04:00,1591730040000000000,1591730100000000000,944.55,946.29,946.84,944.2984,37955.0
563,2020-06-09 15:16:00-04:00,2020-06-09 15:17:00-04:00,1591730160000000000,1591730220000000000,946.2716,947.15,947.23,946.2716,32947.0
564,2020-06-09 15:18:00-04:00,2020-06-09 15:19:00-04:00,1591730280000000000,1591730340000000000,946.8,946.71,947.5,946.56,22276.0
565,2020-06-09 15:20:00-04:00,2020-06-09 15:21:00-04:00,1591730400000000000,1591730460000000000,946.79,948.26,948.49,946.55,42317.0
566,2020-06-09 15:22:00-04:00,2020-06-09 15:23:00-04:00,1591730520000000000,1591730580000000000,948.2,946.5,948.28,946.5,26959.0
567,2020-06-09 15:24:00-04:00,2020-06-09 15:25:00-04:00,1591730640000000000,1591730700000000000,946.34,946.0354,946.4,944.53,37320.0
568,2020-06-09 15:26:00-04:00,2020-06-09 15:27:00-04:00,1591730760000000000,1591730820000000000,945.9,946.35,947.4599,945.89,25481.0
569,2020-06-09 15:28:00-04:00,2020-06-09 15:29:00-04:00,1591730880000000000,1591730940000000000,946.32,946.2299,946.89,946.0,27135.0
570,2020-06-09 15:30:00-04:00,2020-06-09 15:31:00-04:00,1591731000000000000,1591731060000000000,945.9496,945.49,946.65,945.1035,25592.0
571,2020-06-09 15:32:00-04:00,2020-06-09 15:33:00-04:00,1591731120000000000,1591731180000000000,945.61,944.07,946.02,943.81,31639.0
572,2020-06-09 15:34:00-04:00,2020-06-09 15:35:00-04:00,1591731240000000000,1591731300000000000,943.72,944.07,944.96,943.3,34494.0
573,2020-06-09 15:36:00-04:00,2020-06-09 15:37:00-04:00,1591731360000000000,1591731420000000000,944.32,944.66,945.5,944.205,36697.0
574,2020-06-09 15:38:00-04:00,2020-06-09 15:39:00-04:00,1591731480000000000,1591731540000000000,944.3,945.6036,946.0,944.3,37717.0
575,2020-06-09 15:40:00-04:00,2020-06-09 15:41:00-04:00,1591731600000000000,1591731660000000000,945.605,945.8199,946.3899,945.5,37333.0
576,2020-06-09 15:42:00-04:00,2020-06-09 15:43:00-04:00,1591731720000000000,1591731780000000000,945.815,946.5,946.9399,945.8101,50125.0
577,2020-06-09 15:44:00-04:00,2020-06-09 15:45:00-04:00,1591731840000000000,1591731900000000000,946.5,943.63,946.5,943.4,51992.0
578,2020-06-09 15:46:00-04:00,2020-06-09 15:47:00-04:00,1591731960000000000,1591732020000000000,943.69,942.39,943.8406,942.0,54834.0
579,2020-06-09 15:48:00-04:00,2020-06-09 15:49:00-04:00,1591732080000000000,1591732140000000000,942.25,942.53,943.51,941.1249,73741.0
580,2020-06-09 15:50:00-04:00,2020-06-09 15:51:00-04:00,1591732200000000000,1591732260000000000,942.21,941.8558,942.9099,941.0,59878.0
581,2020-06-09 15:52:00-04:00,2020-06-09 15:53:00-04:00,1591732320000000000,1591732380000000000,941.8364,940.31,942.77,940.23,73846.0
582,2020-06-09 15:54:00-04:00,2020-06-09 15:55:00-04:00,1591732440000000000,1591732500000000000,940.505,940.781,940.87,939.55,105716.0
583,2020-06-09 15:56:00-04:00,2020-06-09 15:57:00-04:00,1591732560000000000,1591732620000000000,940.575,941.06,941.54,940.01,62037.0
584,2020-06-09 15:58:00-04:00,2020-06-09 15:59:00-04:00,1591732680000000000,1591732740000000000,940.97,941.01,942.1999,940.06,105026.0
585,2020-06-10 09:30:00-04:00,2020-06-10 09:31:00-04:00,1591795800000000000,1591795860000000000,991.88,985.63,999.0,985.55,568695.0
586,2020-06-10 09:32:00-04:00,2020-06-10 09:33:00-04:00,1591795920000000000,1591795980000000000,985.56,992.06,992.515,983.51,247692.0
587,2020-06-10 09:34:00-04:00,2020-06-10 09:35:00-04:00,1591796040000000000,1591796100000000000,992.0475,989.545,993.23,987.01,183372.0
588,2020-06-10 09:36:00-04:00,2020-06-10 09:37:00-04:00,1591796160000000000,1591796220000000000,989.8,983.04,989.85,982.5,206084.0
589,2020-06-10 09:38:00-04:00,2020-06-10 09:39:00-04:00,1591796280000000000,1591796340000000000,983.09,985.08,987.59,982.535,147855.0
590,2020-06-10 09:40:00-04:00,2020-06-10 09:41:00-04:00,1591796400000000000,1591796460000000000,985.28,991.17,992.47,985.24,221644.0
591,2020-06-10 09:42:00-04:00,2020-06-10 09:43:00-04:00,1591796520000000000,1591796580000000000,991.01,995.7891,997.31,990.0,246743.0
592,2020-06-10 09:44:00-04:00,2020-06-10 09:45:00-04:00,1591796640000000000,1591796700000000000,995.82,994.93,997.64,994.336,151446.0
593,2020-06-10 09:46:00-04:00,2020-06-10 09:47:00-04:00,1591796760000000000,1591796820000000000,994.65,990.835,995.11,990.6,114060.0
594,2020-06-10 09:48:00-04:00,2020-06-10 09:49:00-04:00,1591796880000000000,1591796940000000000,990.99,992.5,992.5,989.0,133881.0
595,2020-06-10 09:50:00-04:00,2020-06-10 09:51:00-04:00,1591797000000000000,1591797060000000000,992.93,995.84,996.34,991.57,136920.0
596,2020-06-10 09:52:00-04:00,2020-06-10 09:53:00-04:00,1591797120000000000,1591797180000000000,995.915,991.3,996.0,991.1,101454.0
597,2020-06-10 09:54:00-04:00,2020-06-10 09:55:00-04:00,1591797240000000000,1591797300000000000,991.5,994.5,994.5,989.8301,113238.0
598,2020-06-10 09:56:00-04:00,2020-06-10 09:57:00-04:00,1591797360000000000,1591797420000000000,994.1557,999.07,1000.0,994.0469,367297.0
599,2020-06-10 09:58:00-04:00,2020-06-10 09:59:00-04:00,1591797480000000000,1591797540000000000,999.03,996.27,1005.0,991.06,476434.0
600,2020-06-10 10:00:00-04:00,2020-06-10 10:01:00-04:00,1591797600000000000,1591797660000000000,996.66,997.8831,1002.0,993.56,251537.0
601,2020-06-10 10:02:00-04:00,2020-06-10 10:03:00-04:00,1591797720000000000,1591797780000000000,998.14,995.04,1000.81,994.0,224188.0
602,2020-06-10 10:04:00-04:00,2020-06-10 10:05:00-04:00,1591797840000000000,1591797900000000000,995.1999,1001.835,1004.07,994.615,268540.0
603,2020-06-10 10:06:00-04:00,2020-06-10 10:07:00-04:00,1591797960000000000,1591798020000000000,1001.88,1001.5,1005.0,997.8,229086.0
604,2020-06-10 10:08:00-04:00,2020-06-10 10:09:00-04:00,1591798080000000000,1591798140000000000,1002.26,1006.305,1006.89,1001.1501,199987.0
605,2020-06-10 10:10:00-04:00,2020-06-10 10:11:00-04:00,1591798200000000000,1591798260000000000,1006.89,1002.0299,1006.95,999.0,197396.0
606,2020-06-10 10:12:00-04:00,2020-06-10 10:13:00-04:00,1591798320000000000,1591798380000000000,1001.8794,996.63,1002.95,996.48,198483.0
607,2020-06-10 10:14:00-04:00,2020-06-10 10:15:00-04:00,1591798440000000000,1591798500000000000,996.85,998.84,1001.99,996.0,173277.0
608,2020-06-10 10:16:00-04:00,2020-06-10 10:17:00-04:00,1591798560000000000,1591798620000000000,999.7,1001.3624,1003.0,999.0,114986.0
609,2020-06-10 10:18:00-04:00,2020-06-10 10:19:00-04:00,1591798680000000000,1591798740000000000,1001.39,997.845,1001.455,996.55,150237.0
610,2020-06-10 10:20:00-04:00,2020-06-10 10:21:00-04:00,1591798800000000000,1591798860000000000,997.855,999.3062,1000.9999,996.11,141123.0
611,2020-06-10 10:22:00-04:00,2020-06-10 10:23:00-04:00,1591798920000000000,1591798980000000000,999.1609,999.8071,1001.0,998.53,103059.0
612,2020-06-10 10:24:00-04:00,2020-06-10 10:25:00-04:00,1591799040000000000,1591799100000000000,1000.09,1000.99,1001.64,999.2,124577.0
613,2020-06-10 10:26:00-04:00,2020-06-10 10:27:00-04:00,1591799160000000000,1591799220000000000,1001.8535,1002.035,1004.0,1001.19,119128.0
614,2020-06-10 10:28:00-04:00,2020-06-10 10:29:00-04:00,1591799280000000000,1591799340000000000,1001.78,1000.08,1002.46,999.5,91466.0
615,2020-06-10 10:30:00-04:00,2020-06-10 10:31:00-04:00,1591799400000000000,1591799460000000000,999.6976,999.9631,1000.09,998.26,80043.0
616,2020-06-10 10:32:00-04:00,2020-06-10 10:33:00-04:00,1591799520000000000,1591799580000000000,999.735,1001.0505,1002.1699,999.33,79785.0
617,2020-06-10 10:34:00-04:00,2020-06-10 10:35:00-04:00,1591799640000000000,1591799700000000000,1000.996,999.8442,1002.0,998.29,87986.0
618,2020-06-10 10:36:00-04:00,2020-06-10 10:37:00-04:00,1591799760000000000,1591799820000000000,999.96,1002.49,1004.0,999.96,119425.0
619,2020-06-10 10:38:00-04:00,2020-06-10 10:39:00-04:00,1591799880000000000,1591799940000000000,1002.429,1003.07,1003.8793,1000.99,62014.0
620,2020-06-10 10:40:00-04:00,2020-06-10 10:41:00-04:00,1591800000000000000,1591800060000000000,1003.29,1005.175,1006.0,1002.49,139795.0
621,2020-06-10 10:42:00-04:00,2020-06-10 10:43:00-04:00,1591800120000000000,1591800180000000000,1005.2391,1003.5684,1005.27,1002.69,89212.0
622,2020-06-10 10:44:00-04:00,2020-06-10 10:45:00-04:00,1591800240000000000,1591800300000000000,1003.4,1005.79,1006.0,1003.18,99084.0
623,2020-06-10 10:46:00-04:00,2020-06-10 10:47:00-04:00,1591800360000000000,1591800420000000000,1005.674,1007.89,1008.4599,1005.5201,166024.0
624,2020-06-10 10:48:00-04:00,2020-06-10 10:49:00-04:00,1591800480000000000,1591800540000000000,1007.91,1010.9125,1011.64,1007.54,194273.0
625,2020-06-10 10:50:00-04:00,2020-06-10 10:51:00-04:00,1591800600000000000,1591800660000000000,1011.0,1005.51,1011.65,1005.22,161067.0
626,2020-06-10 10:52:00-04:00,2020-06-10 10:53:00-04:00,1591800720000000000,1591800780000000000,1005.63,1004.0832,1007.69,1003.03,158613.0
627,2020-06-10 10:54:00-04:00,2020-06-10 10:55:00-04:00,1591800840000000000,1591800900000000000,1004.24,1000.0,1004.29,1000.0,134966.0
628,2020-06-10 10:56:00-04:00,2020-06-10 10:57:00-04:00,1591800960000000000,1591801020000000000,1000.0,1002.21,1002.97,998.755,146816.0
629,2020-06-10 10:58:00-04:00,2020-06-10 10:59:00-04:00,1591801080000000000,1591801140000000000,1002.3767,1001.48,1002.49,999.82,95464.0
630,2020-06-10 11:00:00-04:00,2020-06-10 11:01:00-04:00,1591801200000000000,1591801260000000000,1002.0,1002.8099,1002.8099,1001.15,54610.0
631,2020-06-10 11:02:00-04:00,2020-06-10 11:03:00-04:00,1591801320000000000,1591801380000000000,1002.635,1000.98,1002.94,999.66,80032.0
632,2020-06-10 11:04:00-04:00,2020-06-10 11:05:00-04:00,1591801440000000000,1591801500000000000,1000.7663,1002.0042,1002.6,999.59,80051.0
633,2020-06-10 11:06:00-04:00,2020-06-10 11:07:00-04:00,1591801560000000000,1591801620000000000,1002.0569,1004.0954,1004.99,1001.975,86016.0
634,2020-06-10 11:08:00-04:00,2020-06-10 11:09:00-04:00,1591801680000000000,1591801740000000000,1004.105,1004.1065,1005.0,1003.23,61857.0
635,2020-06-10 11:10:00-04:00,2020-06-10 11:11:00-04:00,1591801800000000000,1591801860000000000,1004.1672,1003.8484,1005.4036,1003.75,79972.0
636,2020-06-10 11:12:00-04:00,2020-06-10 11:13:00-04:00,1591801920000000000,1591801980000000000,1004.02,1005.0,1006.0,1004.02,83764.0
637,2020-06-10 11:14:00-04:00,2020-06-10 11:15:00-04:00,1591802040000000000,1591802100000000000,1004.9,1003.65,1006.0,1003.65,98669.0
638,2020-06-10 11:16:00-04:00,2020-06-10 11:17:00-04:00,1591802160000000000,1591802220000000000,1003.91,1001.91,1003.94,1000.59,71098.0
639,2020-06-10 11:18:00-04:00,2020-06-10 11:19:00-04:00,1591802280000000000,1591802340000000000,1001.5801,1003.4887,1003.8999,1001.58,45268.0
640,2020-06-10 11:20:00-04:00,2020-06-10 11:21:00-04:00,1591802400000000000,1591802460000000000,1003.44,1003.7743,1004.0,1002.3,46055.0
641,2020-06-10 11:22:00-04:00,2020-06-10 11:23:00-04:00,1591802520000000000,1591802580000000000,1003.7803,1004.581,1005.0,1003.59,59234.0
642,2020-06-10 11:24:00-04:00,2020-06-10 11:25:00-04:00,1591802640000000000,1591802700000000000,1004.605,1006.58,1006.75,1004.48,69088.0
643,2020-06-10 11:26:00-04:00,2020-06-10 11:27:00-04:00,1591802760000000000,1591802820000000000,1006.4681,1007.235,1008.3299,1006.36,80658.0
644,2020-06-10 11:28:00-04:00,2020-06-10 11:29:00-04:00,1591802880000000000,1591802940000000000,1007.235,1008.0,1008.5,1006.73,52307.0
645,2020-06-10 11:30:00-04:00,2020-06-10 11:31:00-04:00,1591803000000000000,1591803060000000000,1007.87,1005.7877,1008.8199,1005.28,66174.0
646,2020-06-10 11:32:00-04:00,2020-06-10 11:33:00-04:00,1591803120000000000,1591803180000000000,1005.5218,1007.0773,1007.42,1005.5218,39559.0
647,2020-06-10 11:34:00-04:00,2020-06-10 11:35:00-04:00,1591803240000000000,1591803300000000000,1006.76,1006.54,1007.298,1006.01,30299.0
648,2020-06-10 11:36:00-04:00,2020-06-10 11:37:00-04:00,1591803360000000000,1591803420000000000,1006.55,1008.0,1008.0,1005.4801,33317.0
649,2020-06-10 11:38:00-04:00,2020-06-10 11:39:00-04:00,1591803480000000000,1591803540000000000,1007.74,1009.2882,1009.63,1007.3,59524.0
650,2020-06-10 11:40:00-04:00,2020-06-10 11:41:00-04:00,1591803600000000000,1591803660000000000,1009.3697,1009.31,1010.4962,1008.6,107061.0
651,2020-06-10 11:42:00-04:00,2020-06-10 11:43:00-04:00,1591803720000000000,1591803780000000000,1009.12,1009.61,1009.61,1008.42,38305.0
652,2020-06-10 11:44:00-04:00,2020-06-10 11:45:00-04:00,1591803840000000000,1591803900000000000,1009.9067,1011.1942,1011.5,1009.16,87562.0
653,2020-06-10 11:46:00-04:00,2020-06-10 11:47:00-04:00,1591803960000000000,1591804020000000000,1011.135,1011.5,1011.5,1009.56,55809.0
654,2020-06-10 11:48:00-04:00,2020-06-10 11:49:00-04:00,1591804080000000000,1591804140000000000,1011.44,1010.24,1011.69,1009.7757,83562.0
655,2020-06-10 11:50:00-04:00,2020-06-10 11:51:00-04:00,1591804200000000000,1591804260000000000,1010.3,1012.3,1013.355,1009.87,123058.0
656,2020-06-10 11:52:00-04:00,2020-06-10 11:53:00-04:00,1591804320000000000,1591804380000000000,1012.4964,1014.595,1014.89,1011.8,102018.0
657,2020-06-10 11:54:00-04:00,2020-06-10 11:55:00-04:00,1591804440000000000,1591804500000000000,1014.475,1014.39,1015.4879,1013.23,118459.0
658,2020-06-10 11:56:00-04:00,2020-06-10 11:57:00-04:00,1591804560000000000,1591804620000000000,1014.51,1015.0,1015.0,1013.48,68504.0
659,2020-06-10 11:58:00-04:00,2020-06-10 11:59:00-04:00,1591804680000000000,1591804740000000000,1014.8165,1017.42,1018.0,1014.8165,154395.0
660,2020-06-10 12:00:00-04:00,2020-06-10 12:01:00-04:00,1591804800000000000,1591804860000000000,1017.55,1015.7378,1018.0,1014.83,114471.0
661,2020-06-10 12:02:00-04:00,2020-06-10 12:03:00-04:00,1591804920000000000,1591804980000000000,1015.91,1017.4636,1018.0,1015.17,55941.0
662,2020-06-10 12:04:00-04:00,2020-06-10 12:05:00-04:00,1591805040000000000,1591805100000000000,1017.4009,1017.89,1019.8599,1016.6356,107516.0
663,2020-06-10 12:06:00-04:00,2020-06-10 12:07:00-04:00,1591805160000000000,1591805220000000000,1017.8,1015.9873,1018.0,1015.8,59797.0
664,2020-06-10 12:08:00-04:00,2020-06-10 12:09:00-04:00,1591805280000000000,1591805340000000000,1015.84,1016.1168,1017.47,1015.59,62344.0
665,2020-06-10 12:10:00-04:00,2020-06-10 12:11:00-04:00,1591805400000000000,1591805460000000000,1015.8001,1014.7602,1016.9,1014.2,77967.0
666,2020-06-10 12:12:00-04:00,2020-06-10 12:13:00-04:00,1591805520000000000,1591805580000000000,1014.7602,1014.49,1016.2404,1014.4322,71239.0
667,2020-06-10 12:14:00-04:00,2020-06-10 12:15:00-04:00,1591805640000000000,1591805700000000000,1014.5951,1014.12,1015.2499,1012.2,84487.0
668,2020-06-10 12:16:00-04:00,2020-06-10 12:17:00-04:00,1591805760000000000,1591805820000000000,1014.3399,1013.84,1015.2755,1013.33,44232.0
669,2020-06-10 12:18:00-04:00,2020-06-10 12:19:00-04:00,1591805880000000000,1591805940000000000,1014.2,1017.648,1017.99,1013.84,81153.0
670,2020-06-10 12:20:00-04:00,2020-06-10 12:21:00-04:00,1591806000000000000,1591806060000000000,1017.9,1017.7,1018.24,1017.0001,63849.0
671,2020-06-10 12:22:00-04:00,2020-06-10 12:23:00-04:00,1591806120000000000,1591806180000000000,1017.96,1016.555,1018.0,1015.5543,48085.0
672,2020-06-10 12:24:00-04:00,2020-06-10 12:25:00-04:00,1591806240000000000,1591806300000000000,1016.525,1016.67,1017.4599,1016.3,29251.0
673,2020-06-10 12:26:00-04:00,2020-06-10 12:27:00-04:00,1591806360000000000,1591806420000000000,1016.6426,1015.3705,1016.6426,1014.15,39230.0
674,2020-06-10 12:28:00-04:00,2020-06-10 12:29:00-04:00,1591806480000000000,1591806540000000000,1015.2,1016.0,1016.295,1015.0501,39522.0
675,2020-06-10 12:30:00-04:00,2020-06-10 12:31:00-04:00,1591806600000000000,1591806660000000000,1015.985,1014.495,1016.47,1014.4016,36909.0
676,2020-06-10 12:32:00-04:00,2020-06-10 12:33:00-04:00,1591806720000000000,1591806780000000000,1014.2,1014.6728,1014.8825,1013.1702,45345.0
677,2020-06-10 12:34:00-04:00,2020-06-10 12:35:00-04:00,1591806840000000000,1591806900000000000,1014.69,1014.01,1014.69,1013.21,40026.0
678,2020-06-10 12:36:00-04:00,2020-06-10 12:37:00-04:00,1591806960000000000,1591807020000000000,1014.36,1013.3194,1014.79,1012.52,31669.0
679,2020-06-10 12:38:00-04:00,2020-06-10 12:39:00-04:00,1591807080000000000,1591807140000000000,1013.46,1015.0708,1015.4783,1012.79,44593.0
680,2020-06-10 12:40:00-04:00,2020-06-10 12:41:00-04:00,1591807200000000000,1591807260000000000,1015.2831,1017.78,1017.9399,1014.51,45514.0
681,2020-06-10 12:42:00-04:00,2020-06-10 12:43:00-04:00,1591807320000000000,1591807380000000000,1017.74,1015.885,1017.99,1015.33,37943.0
682,2020-06-10 12:44:00-04:00,2020-06-10 12:45:00-04:00,1591807440000000000,1591807500000000000,1015.885,1017.2134,1017.67,1015.6,36364.0
683,2020-06-10 12:46:00-04:00,2020-06-10 12:47:00-04:00,1591807560000000000,1591807620000000000,1017.171,1016.31,1018.0,1015.76,46351.0
684,2020-06-10 12:48:00-04:00,2020-06-10 12:49:00-04:00,1591807680000000000,1591807740000000000,1016.61,1016.06,1016.62,1015.6,24415.0
685,2020-06-10 12:50:00-04:00,2020-06-10 12:51:00-04:00,1591807800000000000,1591807860000000000,1016.06,1015.46,1016.06,1014.9001,26704.0
686,2020-06-10 12:52:00-04:00,2020-06-10 12:53:00-04:00,1591807920000000000,1591807980000000000,1015.05,1015.2727,1015.75,1014.51,23488.0
687,2020-06-10 12:54:00-04:00,2020-06-10 12:55:00-04:00,1591808040000000000,1591808100000000000,1015.0,1015.0927,1015.45,1014.0402,30412.0
688,2020-06-10 12:56:00-04:00,2020-06-10 12:57:00-04:00,1591808160000000000,1591808220000000000,1014.84,1016.3245,1017.33,1014.83,45798.0
689,2020-06-10 12:58:00-04:00,2020-06-10 12:59:00-04:00,1591808280000000000,1591808340000000000,1016.54,1015.6,1016.8949,1015.5,31738.0
690,2020-06-10 13:00:00-04:00,2020-06-10 13:01:00-04:00,1591808400000000000,1591808460000000000,1015.66,1013.1158,1015.66,1013.1158,54177.0
691,2020-06-10 13:02:00-04:00,2020-06-10 13:03:00-04:00,1591808520000000000,1591808580000000000,1013.43,1014.9223,1015.5999,1012.71,40457.0
692,2020-06-10 13:04:00-04:00,2020-06-10 13:05:00-04:00,1591808640000000000,1591808700000000000,1015.14,1016.4,1017.47,1014.8863,34850.0
693,2020-06-10 13:06:00-04:00,2020-06-10 13:07:00-04:00,1591808760000000000,1591808820000000000,1016.46,1016.1101,1017.5,1016.05,21784.0
694,2020-06-10 13:08:00-04:00,2020-06-10 13:09:00-04:00,1591808880000000000,1591808940000000000,1016.5367,1015.685,1016.9099,1015.41,21477.0
695,2020-06-10 13:10:00-04:00,2020-06-10 13:11:00-04:00,1591809000000000000,1591809060000000000,1015.41,1014.9134,1015.495,1014.29,23484.0
696,2020-06-10 13:12:00-04:00,2020-06-10 13:13:00-04:00,1591809120000000000,1591809180000000000,1014.6499,1015.3301,1017.0,1014.12,34521.0
697,2020-06-10 13:14:00-04:00,2020-06-10 13:15:00-04:00,1591809240000000000,1591809300000000000,1015.33,1015.01,1015.68,1014.45,31192.0
698,2020-06-10 13:16:00-04:00,2020-06-10 13:17:00-04:00,1591809360000000000,1591809420000000000,1015.23,1015.629,1016.8,1014.8341,36351.0
699,2020-06-10 13:18:00-04:00,2020-06-10 13:19:00-04:00,1591809480000000000,1591809540000000000,1016.16,1016.915,1018.16,1016.125,61053.0
700,2020-06-10 13:20:00-04:00,2020-06-10 13:21:00-04:00,1591809600000000000,1591809660000000000,1016.98,1015.8,1017.17,1015.46,34594.0
701,2020-06-10 13:22:00-04:00,2020-06-10 13:23:00-04:00,1591809720000000000,1591809780000000000,1015.565,1015.08,1015.77,1014.5,31415.0
702,2020-06-10 13:24:00-04:00,2020-06-10 13:25:00-04:00,1591809840000000000,1591809900000000000,1015.1136,1013.35,1015.68,1013.09,59666.0
703,2020-06-10 13:26:00-04:00,2020-06-10 13:27:00-04:00,1591809960000000000,1591810020000000000,1013.645,1014.1664,1014.74,1013.4,38529.0
704,2020-06-10 13:28:00-04:00,2020-06-10 13:29:00-04:00,1591810080000000000,1591810140000000000,1013.61,1012.375,1014.5,1012.375,40138.0
705,2020-06-10 13:30:00-04:00,2020-06-10 13:31:00-04:00,1591810200000000000,1591810260000000000,1012.66,1013.0,1013.55,1012.36,46182.0
706,2020-06-10 13:32:00-04:00,2020-06-10 13:33:00-04:00,1591810320000000000,1591810380000000000,1013.12,1011.05,1013.5,1010.53,59399.0
707,2020-06-10 13:34:00-04:00,2020-06-10 13:35:00-04:00,1591810440000000000,1591810500000000000,1011.0132,1009.7056,1011.25,1009.3,75422.0
708,2020-06-10 13:36:00-04:00,2020-06-10 13:37:00-04:00,1591810560000000000,1591810620000000000,1009.71,1010.55,1010.79,1008.601,71249.0
709,2020-06-10 13:38:00-04:00,2020-06-10 13:39:00-04:00,1591810680000000000,1591810740000000000,1010.2,1007.57,1010.66,1007.4416,65520.0
710,2020-06-10 13:40:00-04:00,2020-06-10 13:41:00-04:00,1591810800000000000,1591810860000000000,1007.745,1006.23,1008.11,1004.11,101002.0
711,2020-06-10 13:42:00-04:00,2020-06-10 13:43:00-04:00,1591810920000000000,1591810980000000000,1006.5,1005.8857,1006.7499,1005.26,53553.0
712,2020-06-10 13:44:00-04:00,2020-06-10 13:45:00-04:00,1591811040000000000,1591811100000000000,1005.7,1008.3277,1008.6699,1005.24,98207.0
713,2020-06-10 13:46:00-04:00,2020-06-10 13:47:00-04:00,1591811160000000000,1591811220000000000,1008.33,1007.23,1009.885,1006.6348,61469.0
714,2020-06-10 13:48:00-04:00,2020-06-10 13:49:00-04:00,1591811280000000000,1591811340000000000,1007.0838,1008.25,1008.5999,1006.7,49477.0
715,2020-06-10 13:50:00-04:00,2020-06-10 13:51:00-04:00,1591811400000000000,1591811460000000000,1008.02,1008.0617,1008.9599,1007.59,42857.0
716,2020-06-10 13:52:00-04:00,2020-06-10 13:53:00-04:00,1591811520000000000,1591811580000000000,1008.0636,1008.852,1009.9355,1007.8,51891.0
717,2020-06-10 13:54:00-04:00,2020-06-10 13:55:00-04:00,1591811640000000000,1591811700000000000,1009.1717,1008.51,1009.8,1008.39,27852.0
718,2020-06-10 13:56:00-04:00,2020-06-10 13:57:00-04:00,1591811760000000000,1591811820000000000,1008.28,1007.22,1008.3799,1006.56,35623.0
719,2020-06-10 13:58:00-04:00,2020-06-10 13:59:00-04:00,1591811880000000000,1591811940000000000,1007.22,1009.367,1009.6799,1007.0,30995.0
720,2020-06-10 14:00:00-04:00,2020-06-10 14:01:00-04:00,1591812000000000000,1591812060000000000,1008.71,1013.25,1013.25,1006.615,109505.0
721,2020-06-10 14:02:00-04:00,2020-06-10 14:03:00-04:00,1591812120000000000,1591812180000000000,1013.0,1014.49,1016.213,1011.5027,108960.0
722,2020-06-10 14:04:00-04:00,2020-06-10 14:05:00-04:00,1591812240000000000,1591812300000000000,1014.53,1012.8401,1014.5799,1012.8401,43195.0
723,2020-06-10 14:06:00-04:00,2020-06-10 14:07:00-04:00,1591812360000000000,1591812420000000000,1012.89,1010.2167,1013.3199,1009.74,43944.0
724,2020-06-10 14:08:00-04:00,2020-06-10 14:09:00-04:00,1591812480000000000,1591812540000000000,1010.0,1011.535,1013.075,1009.0813,57425.0
725,2020-06-10 14:10:00-04:00,2020-06-10 14:11:00-04:00,1591812600000000000,1591812660000000000,1011.46,1012.4524,1014.0,1011.46,41700.0
726,2020-06-10 14:12:00-04:00,2020-06-10 14:13:00-04:00,1591812720000000000,1591812780000000000,1012.4,1014.3016,1014.5,1011.15,42039.0
727,2020-06-10 14:14:00-04:00,2020-06-10 14:15:00-04:00,1591812840000000000,1591812900000000000,1014.07,1015.11,1015.7,1013.6401,51169.0
728,2020-06-10 14:16:00-04:00,2020-06-10 14:17:00-04:00,1591812960000000000,1591813020000000000,1015.1,1015.5082,1016.29,1013.65,41629.0
729,2020-06-10 14:18:00-04:00,2020-06-10 14:19:00-04:00,1591813080000000000,1591813140000000000,1015.08,1013.7193,1015.78,1013.65,34521.0
730,2020-06-10 14:20:00-04:00,2020-06-10 14:21:00-04:00,1591813200000000000,1591813260000000000,1013.68,1014.2621,1015.85,1013.53,34269.0
731,2020-06-10 14:22:00-04:00,2020-06-10 14:23:00-04:00,1591813320000000000,1591813380000000000,1014.485,1014.19,1015.2,1012.68,30336.0
732,2020-06-10 14:24:00-04:00,2020-06-10 14:25:00-04:00,1591813440000000000,1591813500000000000,1014.26,1013.82,1014.69,1013.31,21204.0
733,2020-06-10 14:26:00-04:00,2020-06-10 14:27:00-04:00,1591813560000000000,1591813620000000000,1014.34,1015.89,1016.1,1013.86,34150.0
734,2020-06-10 14:28:00-04:00,2020-06-10 14:29:00-04:00,1591813680000000000,1591813740000000000,1016.1245,1017.29,1017.59,1016.1099,65834.0
735,2020-06-10 14:30:00-04:00,2020-06-10 14:31:00-04:00,1591813800000000000,1591813860000000000,1017.4,1018.345,1018.45,1016.5701,66831.0
736,2020-06-10 14:32:00-04:00,2020-06-10 14:33:00-04:00,1591813920000000000,1591813980000000000,1018.04,1017.92,1018.5,1016.885,62340.0
737,2020-06-10 14:34:00-04:00,2020-06-10 14:35:00-04:00,1591814040000000000,1591814100000000000,1017.3322,1015.7726,1017.455,1015.05,50256.0
738,2020-06-10 14:36:00-04:00,2020-06-10 14:37:00-04:00,1591814160000000000,1591814220000000000,1015.77,1015.68,1017.0,1015.0,32147.0
739,2020-06-10 14:38:00-04:00,2020-06-10 14:39:00-04:00,1591814280000000000,1591814340000000000,1015.06,1013.0,1015.06,1013.0,53365.0
740,2020-06-10 14:40:00-04:00,2020-06-10 14:41:00-04:00,1591814400000000000,1591814460000000000,1013.42,1011.37,1013.42,1008.01,92804.0
741,2020-06-10 14:42:00-04:00,2020-06-10 14:43:00-04:00,1591814520000000000,1591814580000000000,1011.58,1013.0,1013.6999,1010.77,48990.0
742,2020-06-10 14:44:00-04:00,2020-06-10 14:45:00-04:00,1591814640000000000,1591814700000000000,1012.52,1014.07,1014.96,1011.95,36755.0
743,2020-06-10 14:46:00-04:00,2020-06-10 14:47:00-04:00,1591814760000000000,1591814820000000000,1013.98,1014.42,1015.88,1013.4001,41858.0
744,2020-06-10 14:48:00-04:00,2020-06-10 14:49:00-04:00,1591814880000000000,1591814940000000000,1013.809,1014.905,1015.53,1013.2555,36562.0
745,2020-06-10 14:50:00-04:00,2020-06-10 14:51:00-04:00,1591815000000000000,1591815060000000000,1015.19,1012.1801,1015.99,1012.1801,61381.0
746,2020-06-10 14:52:00-04:00,2020-06-10 14:53:00-04:00,1591815120000000000,1591815180000000000,1012.0,1010.8,1013.39,1010.3,44079.0
747,2020-06-10 14:54:00-04:00,2020-06-10 14:55:00-04:00,1591815240000000000,1591815300000000000,1011.23,1010.9499,1011.23,1008.92,70754.0
748,2020-06-10 14:56:00-04:00,2020-06-10 14:57:00-04:00,1591815360000000000,1591815420000000000,1010.5117,1013.755,1014.0,1010.27,40441.0
749,2020-06-10 14:58:00-04:00,2020-06-10 14:59:00-04:00,1591815480000000000,1591815540000000000,1013.67,1013.7591,1014.99,1013.12,43507.0
750,2020-06-10 15:00:00-04:00,2020-06-10 15:01:00-04:00,1591815600000000000,1591815660000000000,1013.995,1012.32,1014.9799,1011.715,39632.0
751,2020-06-10 15:02:00-04:00,2020-06-10 15:03:00-04:00,1591815720000000000,1591815780000000000,1011.95,1011.68,1012.395,1009.91,46825.0
752,2020-06-10 15:04:00-04:00,2020-06-10 15:05:00-04:00,1591815840000000000,1591815900000000000,1011.68,1013.3787,1013.67,1010.81,47944.0
753,2020-06-10 15:06:00-04:00,2020-06-10 15:07:00-04:00,1591815960000000000,1591816020000000000,1013.69,1014.194,1014.6,1012.84,48101.0
754,2020-06-10 15:08:00-04:00,2020-06-10 15:09:00-04:00,1591816080000000000,1591816140000000000,1013.98,1013.36,1015.99,1013.35,77201.0
755,2020-06-10 15:10:00-04:00,2020-06-10 15:11:00-04:00,1591816200000000000,1591816260000000000,1013.77,1014.45,1015.01,1012.71,46022.0
756,2020-06-10 15:12:00-04:00,2020-06-10 15:13:00-04:00,1591816320000000000,1591816380000000000,1013.7701,1014.545,1014.8999,1013.1042,26378.0
757,2020-06-10 15:14:00-04:00,2020-06-10 15:15:00-04:00,1591816440000000000,1591816500000000000,1014.5495,1013.1,1014.8,1012.8478,26112.0
758,2020-06-10 15:16:00-04:00,2020-06-10 15:17:00-04:00,1591816560000000000,1591816620000000000,1013.4,1013.6318,1013.9472,1013.0488,15085.0
759,2020-06-10 15:18:00-04:00,2020-06-10 15:19:00-04:00,1591816680000000000,1591816740000000000,1013.85,1015.875,1016.0,1013.85,52712.0
760,2020-06-10 15:20:00-04:00,2020-06-10 15:21:00-04:00,1591816800000000000,1591816860000000000,1015.46,1015.2982,1016.2,1014.4,51050.0
761,2020-06-10 15:22:00-04:00,2020-06-10 15:23:00-04:00,1591816920000000000,1591816980000000000,1014.85,1016.92,1017.3,1014.85,53345.0
762,2020-06-10 15:24:00-04:00,2020-06-10 15:25:00-04:00,1591817040000000000,1591817100000000000,1016.7501,1018.371,1018.59,1016.75,77092.0
763,2020-06-10 15:26:00-04:00,2020-06-10 15:27:00-04:00,1591817160000000000,1591817220000000000,1018.5,1019.685,1021.0,1017.01,168850.0
764,2020-06-10 15:28:00-04:00,2020-06-10 15:29:00-04:00,1591817280000000000,1591817340000000000,1019.5386,1021.27,1022.0,1019.5386,100395.0
765,2020-06-10 15:30:00-04:00,2020-06-10 15:31:00-04:00,1591817400000000000,1591817460000000000,1021.4489,1020.71,1022.49,1020.05,80389.0
766,2020-06-10 15:32:00-04:00,2020-06-10 15:33:00-04:00,1591817520000000000,1591817580000000000,1020.6456,1021.41,1023.135,1020.3801,82515.0
767,2020-06-10 15:34:00-04:00,2020-06-10 15:35:00-04:00,1591817640000000000,1591817700000000000,1021.6595,1022.65,1023.0,1021.6595,57867.0
768,2020-06-10 15:36:00-04:00,2020-06-10 15:37:00-04:00,1591817760000000000,1591817820000000000,1022.6013,1025.0,1025.0,1022.6013,118168.0
769,2020-06-10 15:38:00-04:00,2020-06-10 15:39:00-04:00,1591817880000000000,1591817940000000000,1024.64,1023.8,1025.0,1023.52,66022.0
770,2020-06-10 15:40:00-04:00,2020-06-10 15:41:00-04:00,1591818000000000000,1591818060000000000,1023.88,1025.0,1025.2,1022.0,115873.0
771,2020-06-10 15:42:00-04:00,2020-06-10 15:43:00-04:00,1591818120000000000,1591818180000000000,1025.16,1024.76,1026.42,1024.41,85640.0
772,2020-06-10 15:44:00-04:00,2020-06-10 15:45:00-04:00,1591818240000000000,1591818300000000000,1024.52,1019.73,1025.0,1019.25,114273.0
773,2020-06-10 15:46:00-04:00,2020-06-10 15:47:00-04:00,1591818360000000000,1591818420000000000,1019.26,1020.0,1021.2695,1019.12,83969.0
774,2020-06-10 15:48:00-04:00,2020-06-10 15:49:00-04:00,1591818480000000000,1591818540000000000,1020.31,1023.08,1024.0,1019.58,110432.0
775,2020-06-10 15:50:00-04:00,2020-06-10 15:51:00-04:00,1591818600000000000,1591818660000000000,1022.53,1022.99,1025.305,1022.01,135426.0
776,2020-06-10 15:52:00-04:00,2020-06-10 15:53:00-04:00,1591818720000000000,1591818780000000000,1022.58,1026.5812,1027.0,1022.55,139173.0
777,2020-06-10 15:54:00-04:00,2020-06-10 15:55:00-04:00,1591818840000000000,1591818900000000000,1026.99,1025.835,1027.48,1024.81,117101.0
778,2020-06-10 15:56:00-04:00,2020-06-10 15:57:00-04:00,1591818960000000000,1591819020000000000,1025.9399,1024.8,1026.0,1024.0,129655.0
779,2020-06-10 15:58:00-04:00,2020-06-10 15:59:00-04:00,1591819080000000000,1591819140000000000,1024.76,1025.05,1026.33,1024.5325,189707.0
780,2020-06-11 09:30:00-04:00,2020-06-11 09:31:00-04:00,1591882200000000000,1591882260000000000,990.2,987.58,990.7999,985.1,399016.0
781,2020-06-11 09:32:00-04:00,2020-06-11 09:33:00-04:00,1591882320000000000,1591882380000000000,987.69,992.5,992.9,985.99,184464.0
782,2020-06-11 09:34:00-04:00,2020-06-11 09:35:00-04:00,1591882440000000000,1591882500000000000,992.385,996.995,997.38,991.94,238695.0
783,2020-06-11 09:36:00-04:00,2020-06-11 09:37:00-04:00,1591882560000000000,1591882620000000000,996.7075,998.91,999.95,996.44,229496.0
784,2020-06-11 09:38:00-04:00,2020-06-11 09:39:00-04:00,1591882680000000000,1591882740000000000,998.585,994.56,999.08,993.5,173793.0
785,2020-06-11 09:40:00-04:00,2020-06-11 09:41:00-04:00,1591882800000000000,1591882860000000000,994.36,989.43,994.48,988.6,190386.0
786,2020-06-11 09:42:00-04:00,2020-06-11 09:43:00-04:00,1591882920000000000,1591882980000000000,989.85,989.89,991.91,983.135,257409.0
787,2020-06-11 09:44:00-04:00,2020-06-11 09:45:00-04:00,1591883040000000000,1591883100000000000,989.965,989.375,990.15,987.0023,118401.0
788,2020-06-11 09:46:00-04:00,2020-06-11 09:47:00-04:00,1591883160000000000,1591883220000000000,989.145,991.38,994.0,987.726,182030.0
789,2020-06-11 09:48:00-04:00,2020-06-11 09:49:00-04:00,1591883280000000000,1591883340000000000,990.96,993.7991,995.5,990.64,122599.0
790,2020-06-11 09:50:00-04:00,2020-06-11 09:51:00-04:00,1591883400000000000,1591883460000000000,993.74,992.485,994.3,991.14,91658.0
791,2020-06-11 09:52:00-04:00,2020-06-11 09:53:00-04:00,1591883520000000000,1591883580000000000,992.5,996.868,998.0,992.205,164479.0
792,2020-06-11 09:54:00-04:00,2020-06-11 09:55:00-04:00,1591883640000000000,1591883700000000000,996.835,1001.36,1001.96,996.65,168948.0
793,2020-06-11 09:56:00-04:00,2020-06-11 09:57:00-04:00,1591883760000000000,1591883820000000000,1001.4714,1000.81,1002.8,998.16,168720.0
794,2020-06-11 09:58:00-04:00,2020-06-11 09:59:00-04:00,1591883880000000000,1591883940000000000,1001.25,1000.25,1002.3734,999.36,105214.0
795,2020-06-11 10:00:00-04:00,2020-06-11 10:01:00-04:00,1591884000000000000,1591884060000000000,999.51,999.3702,1000.6386,998.04,79169.0
796,2020-06-11 10:02:00-04:00,2020-06-11 10:03:00-04:00,1591884120000000000,1591884180000000000,999.27,1000.365,1002.67,998.5,128552.0
797,2020-06-11 10:04:00-04:00,2020-06-11 10:05:00-04:00,1591884240000000000,1591884300000000000,1000.355,1008.3279,1009.0,1000.08,182122.0
798,2020-06-11 10:06:00-04:00,2020-06-11 10:07:00-04:00,1591884360000000000,1591884420000000000,1008.0,1010.28,1010.58,1005.7545,119922.0
799,2020-06-11 10:08:00-04:00,2020-06-11 10:09:00-04:00,1591884480000000000,1591884540000000000,1009.839,1008.01,1011.11,1005.5,127909.0
800,2020-06-11 10:10:00-04:00,2020-06-11 10:11:00-04:00,1591884600000000000,1591884660000000000,1007.4,1013.0297,1013.42,1007.4,103068.0
801,2020-06-11 10:12:00-04:00,2020-06-11 10:13:00-04:00,1591884720000000000,1591884780000000000,1013.105,1016.53,1016.9898,1013.05,132635.0
802,2020-06-11 10:14:00-04:00,2020-06-11 10:15:00-04:00,1591884840000000000,1591884900000000000,1016.999,1018.01,1018.9599,1015.5,127019.0
803,2020-06-11 10:16:00-04:00,2020-06-11 10:17:00-04:00,1591884960000000000,1591885020000000000,1018.05,1012.5216,1018.45,1012.12,118828.0
804,2020-06-11 10:18:00-04:00,2020-06-11 10:19:00-04:00,1591885080000000000,1591885140000000000,1012.58,1012.7599,1014.61,1010.445,114976.0
805,2020-06-11 10:20:00-04:00,2020-06-11 10:21:00-04:00,1591885200000000000,1591885260000000000,1012.42,1012.9756,1014.8417,1011.99,74203.0
806,2020-06-11 10:22:00-04:00,2020-06-11 10:23:00-04:00,1591885320000000000,1591885380000000000,1013.37,1008.5072,1014.0,1008.2,68192.0
807,2020-06-11 10:24:00-04:00,2020-06-11 10:25:00-04:00,1591885440000000000,1591885500000000000,1008.6993,1008.99,1011.67,1008.33,59272.0
808,2020-06-11 10:26:00-04:00,2020-06-11 10:27:00-04:00,1591885560000000000,1591885620000000000,1008.5,1004.405,1008.5,1004.087,104860.0
809,2020-06-11 10:28:00-04:00,2020-06-11 10:29:00-04:00,1591885680000000000,1591885740000000000,1004.405,1002.5899,1004.4368,999.15,137873.0
810,2020-06-11 10:30:00-04:00,2020-06-11 10:31:00-04:00,1591885800000000000,1591885860000000000,1002.1816,1008.08,1009.0,1001.7,116762.0
811,2020-06-11 10:32:00-04:00,2020-06-11 10:33:00-04:00,1591885920000000000,1591885980000000000,1007.87,1010.2,1010.6,1007.63,77647.0
812,2020-06-11 10:34:00-04:00,2020-06-11 10:35:00-04:00,1591886040000000000,1591886100000000000,1010.39,1006.14,1010.7599,1004.0,61906.0
813,2020-06-11 10:36:00-04:00,2020-06-11 10:37:00-04:00,1591886160000000000,1591886220000000000,1005.5101,1009.4,1009.4,1005.1,56061.0
814,2020-06-11 10:38:00-04:00,2020-06-11 10:39:00-04:00,1591886280000000000,1591886340000000000,1009.5,1009.5,1012.05,1008.55,84169.0
815,2020-06-11 10:40:00-04:00,2020-06-11 10:41:00-04:00,1591886400000000000,1591886460000000000,1009.2946,1009.495,1011.3865,1009.0,49799.0
816,2020-06-11 10:42:00-04:00,2020-06-11 10:43:00-04:00,1591886520000000000,1591886580000000000,1009.3,1005.61,1010.2,1005.3,54341.0
817,2020-06-11 10:44:00-04:00,2020-06-11 10:45:00-04:00,1591886640000000000,1591886700000000000,1005.76,1006.22,1008.83,1005.0,58529.0
818,2020-06-11 10:46:00-04:00,2020-06-11 10:47:00-04:00,1591886760000000000,1591886820000000000,1006.4896,1003.689,1007.68,1003.0,51114.0
819,2020-06-11 10:48:00-04:00,2020-06-11 10:49:00-04:00,1591886880000000000,1591886940000000000,1003.3,1003.98,1004.16,1001.04,69230.0
820,2020-06-11 10:50:00-04:00,2020-06-11 10:51:00-04:00,1591887000000000000,1591887060000000000,1003.9799,1005.0,1007.22,1003.47,68131.0
821,2020-06-11 10:52:00-04:00,2020-06-11 10:53:00-04:00,1591887120000000000,1591887180000000000,1004.794,1003.018,1006.37,1003.0,45766.0
822,2020-06-11 10:54:00-04:00,2020-06-11 10:55:00-04:00,1591887240000000000,1591887300000000000,1003.1252,1001.765,1003.4801,1001.11,58962.0
823,2020-06-11 10:56:00-04:00,2020-06-11 10:57:00-04:00,1591887360000000000,1591887420000000000,1001.55,999.4599,1001.7299,998.9,92665.0
824,2020-06-11 10:58:00-04:00,2020-06-11 10:59:00-04:00,1591887480000000000,1591887540000000000,998.99,996.3683,998.99,995.0,124999.0
825,2020-06-11 11:00:00-04:00,2020-06-11 11:01:00-04:00,1591887600000000000,1591887660000000000,996.365,995.4287,996.9999,994.0,123733.0
826,2020-06-11 11:02:00-04:00,2020-06-11 11:03:00-04:00,1591887720000000000,1591887780000000000,995.4203,997.2221,999.0,994.5101,94442.0
827,2020-06-11 11:04:00-04:00,2020-06-11 11:05:00-04:00,1591887840000000000,1591887900000000000,997.3353,999.4899,999.4899,996.0,68041.0
828,2020-06-11 11:06:00-04:00,2020-06-11 11:07:00-04:00,1591887960000000000,1591888020000000000,999.46,1002.15,1002.4999,998.31,93262.0
829,2020-06-11 11:08:00-04:00,2020-06-11 11:09:00-04:00,1591888080000000000,1591888140000000000,1001.33,1001.9941,1003.8699,1000.63,88006.0
830,2020-06-11 11:10:00-04:00,2020-06-11 11:11:00-04:00,1591888200000000000,1591888260000000000,1001.2275,1004.13,1004.81,999.8068,73131.0
831,2020-06-11 11:12:00-04:00,2020-06-11 11:13:00-04:00,1591888320000000000,1591888380000000000,1004.28,1002.12,1004.5,1001.8643,47642.0
832,2020-06-11 11:14:00-04:00,2020-06-11 11:15:00-04:00,1591888440000000000,1591888500000000000,1002.49,1005.0301,1005.88,1002.49,61684.0
833,2020-06-11 11:16:00-04:00,2020-06-11 11:17:00-04:00,1591888560000000000,1591888620000000000,1005.52,1004.5905,1005.7999,1004.0,37058.0
834,2020-06-11 11:18:00-04:00,2020-06-11 11:19:00-04:00,1591888680000000000,1591888740000000000,1004.1249,1005.495,1005.9799,1003.93,51353.0
835,2020-06-11 11:20:00-04:00,2020-06-11 11:21:00-04:00,1591888800000000000,1591888860000000000,1005.29,1006.49,1006.7871,1004.79,46198.0
836,2020-06-11 11:22:00-04:00,2020-06-11 11:23:00-04:00,1591888920000000000,1591888980000000000,1006.5152,1003.865,1006.77,1003.63,44872.0
837,2020-06-11 11:24:00-04:00,2020-06-11 11:25:00-04:00,1591889040000000000,1591889100000000000,1004.25,1003.665,1004.58,1003.1,34483.0
838,2020-06-11 11:26:00-04:00,2020-06-11 11:27:00-04:00,1591889160000000000,1591889220000000000,1003.37,1004.55,1005.14,1003.0,38165.0
839,2020-06-11 11:28:00-04:00,2020-06-11 11:29:00-04:00,1591889280000000000,1591889340000000000,1004.5,1004.1451,1004.7399,1003.05,24689.0
840,2020-06-11 11:30:00-04:00,2020-06-11 11:31:00-04:00,1591889400000000000,1591889460000000000,1004.3338,1004.06,1005.0,1003.21,30178.0
841,2020-06-11 11:32:00-04:00,2020-06-11 11:33:00-04:00,1591889520000000000,1591889580000000000,1004.03,1001.44,1004.1599,1001.245,32321.0
842,2020-06-11 11:34:00-04:00,2020-06-11 11:35:00-04:00,1591889640000000000,1591889700000000000,1001.3031,1000.5786,1001.395,999.45,47126.0
843,2020-06-11 11:36:00-04:00,2020-06-11 11:37:00-04:00,1591889760000000000,1591889820000000000,1000.6735,1001.66,1002.0,1000.05,36324.0
844,2020-06-11 11:38:00-04:00,2020-06-11 11:39:00-04:00,1591889880000000000,1591889940000000000,1002.0,998.71,1002.02,998.49,42460.0
845,2020-06-11 11:40:00-04:00,2020-06-11 11:41:00-04:00,1591890000000000000,1591890060000000000,998.8343,998.8599,999.5,997.0,55161.0
846,2020-06-11 11:42:00-04:00,2020-06-11 11:43:00-04:00,1591890120000000000,1591890180000000000,998.56,998.99,999.4,997.0,59208.0
847,2020-06-11 11:44:00-04:00,2020-06-11 11:45:00-04:00,1591890240000000000,1591890300000000000,998.51,998.81,999.9399,997.46,41078.0
848,2020-06-11 11:46:00-04:00,2020-06-11 11:47:00-04:00,1591890360000000000,1591890420000000000,998.8,996.5,998.8,995.1,73452.0
849,2020-06-11 11:48:00-04:00,2020-06-11 11:49:00-04:00,1591890480000000000,1591890540000000000,996.165,995.935,997.5415,995.65,62351.0
850,2020-06-11 11:50:00-04:00,2020-06-11 11:51:00-04:00,1591890600000000000,1591890660000000000,996.3,996.28,998.19,995.54,53440.0
851,2020-06-11 11:52:00-04:00,2020-06-11 11:53:00-04:00,1591890720000000000,1591890780000000000,996.2075,999.0,999.0,996.0951,59026.0
852,2020-06-11 11:54:00-04:00,2020-06-11 11:55:00-04:00,1591890840000000000,1591890900000000000,999.01,998.4932,999.98,997.1,59410.0
853,2020-06-11 11:56:00-04:00,2020-06-11 11:57:00-04:00,1591890960000000000,1591891020000000000,998.661,999.42,999.95,998.0,29954.0
854,2020-06-11 11:58:00-04:00,2020-06-11 11:59:00-04:00,1591891080000000000,1591891140000000000,999.39,1000.21,1001.0,998.01,42924.0
855,2020-06-11 12:00:00-04:00,2020-06-11 12:01:00-04:00,1591891200000000000,1591891260000000000,999.88,996.7049,1000.0029,996.5,34027.0
856,2020-06-11 12:02:00-04:00,2020-06-11 12:03:00-04:00,1591891320000000000,1591891380000000000,996.9699,999.2296,999.42,996.53,44980.0
857,2020-06-11 12:04:00-04:00,2020-06-11 12:05:00-04:00,1591891440000000000,1591891500000000000,998.9,997.15,999.4999,997.15,26386.0
858,2020-06-11 12:06:00-04:00,2020-06-11 12:07:00-04:00,1591891560000000000,1591891620000000000,997.07,995.5,997.41,995.5,42094.0
859,2020-06-11 12:08:00-04:00,2020-06-11 12:09:00-04:00,1591891680000000000,1591891740000000000,995.8434,995.28,996.72,995.07,55334.0
860,2020-06-11 12:10:00-04:00,2020-06-11 12:11:00-04:00,1591891800000000000,1591891860000000000,995.76,994.5957,996.19,994.35,74625.0
861,2020-06-11 12:12:00-04:00,2020-06-11 12:13:00-04:00,1591891920000000000,1591891980000000000,994.67,992.286,995.3,991.7,82948.0
862,2020-06-11 12:14:00-04:00,2020-06-11 12:15:00-04:00,1591892040000000000,1591892100000000000,992.4,990.42,993.52,990.0,90303.0
863,2020-06-11 12:16:00-04:00,2020-06-11 12:17:00-04:00,1591892160000000000,1591892220000000000,990.0552,991.0,992.3128,989.22,92234.0
864,2020-06-11 12:18:00-04:00,2020-06-11 12:19:00-04:00,1591892280000000000,1591892340000000000,990.41,985.03,991.8799,985.03,124017.0
865,2020-06-11 12:20:00-04:00,2020-06-11 12:21:00-04:00,1591892400000000000,1591892460000000000,985.5975,988.8647,989.95,985.0362,105791.0
866,2020-06-11 12:22:00-04:00,2020-06-11 12:23:00-04:00,1591892520000000000,1591892580000000000,988.66,989.316,990.0,987.91,62282.0
867,2020-06-11 12:24:00-04:00,2020-06-11 12:25:00-04:00,1591892640000000000,1591892700000000000,989.83,986.43,990.0,986.0,76495.0
868,2020-06-11 12:26:00-04:00,2020-06-11 12:27:00-04:00,1591892760000000000,1591892820000000000,986.348,987.38,987.9699,984.25,106211.0
869,2020-06-11 12:28:00-04:00,2020-06-11 12:29:00-04:00,1591892880000000000,1591892940000000000,987.38,991.59,992.0,986.9322,96470.0
870,2020-06-11 12:30:00-04:00,2020-06-11 12:31:00-04:00,1591893000000000000,1591893060000000000,991.59,993.9,994.214,991.546,94467.0
871,2020-06-11 12:32:00-04:00,2020-06-11 12:33:00-04:00,1591893120000000000,1591893180000000000,993.38,993.25,994.28,992.43,46984.0
872,2020-06-11 12:34:00-04:00,2020-06-11 12:35:00-04:00,1591893240000000000,1591893300000000000,993.37,993.0,994.17,991.73,54331.0
873,2020-06-11 12:36:00-04:00,2020-06-11 12:37:00-04:00,1591893360000000000,1591893420000000000,993.035,992.5155,993.91,991.95,30140.0
874,2020-06-11 12:38:00-04:00,2020-06-11 12:39:00-04:00,1591893480000000000,1591893540000000000,992.75,990.522,993.24,990.37,26171.0
875,2020-06-11 12:40:00-04:00,2020-06-11 12:41:00-04:00,1591893600000000000,1591893660000000000,990.14,986.9918,991.4198,986.4,44344.0
876,2020-06-11 12:42:00-04:00,2020-06-11 12:43:00-04:00,1591893720000000000,1591893780000000000,987.0088,986.0,988.9952,985.9,60646.0
877,2020-06-11 12:44:00-04:00,2020-06-11 12:45:00-04:00,1591893840000000000,1591893900000000000,985.5,984.51,987.0,984.12,67192.0
878,2020-06-11 12:46:00-04:00,2020-06-11 12:47:00-04:00,1591893960000000000,1591894020000000000,984.13,984.84,986.47,984.13,68526.0
879,2020-06-11 12:48:00-04:00,2020-06-11 12:49:00-04:00,1591894080000000000,1591894140000000000,984.4449,980.0,984.65,979.63,153667.0
880,2020-06-11 12:50:00-04:00,2020-06-11 12:51:00-04:00,1591894200000000000,1591894260000000000,980.0,979.35,980.76,976.7,124342.0
881,2020-06-11 12:52:00-04:00,2020-06-11 12:53:00-04:00,1591894320000000000,1591894380000000000,979.4527,974.83,981.16,974.0,151589.0
882,2020-06-11 12:54:00-04:00,2020-06-11 12:55:00-04:00,1591894440000000000,1591894500000000000,975.0,979.4685,979.8,975.0,107080.0
883,2020-06-11 12:56:00-04:00,2020-06-11 12:57:00-04:00,1591894560000000000,1591894620000000000,979.32,981.8,982.85,979.32,103310.0
884,2020-06-11 12:58:00-04:00,2020-06-11 12:59:00-04:00,1591894680000000000,1591894740000000000,982.065,978.3,982.0856,977.89,71511.0
885,2020-06-11 13:00:00-04:00,2020-06-11 13:01:00-04:00,1591894800000000000,1591894860000000000,977.86,982.335,983.7399,977.52,77590.0
886,2020-06-11 13:02:00-04:00,2020-06-11 13:03:00-04:00,1591894920000000000,1591894980000000000,982.2459,985.25,985.96,982.08,86421.0
887,2020-06-11 13:04:00-04:00,2020-06-11 13:05:00-04:00,1591895040000000000,1591895100000000000,985.97,985.6193,987.17,982.38,75608.0
888,2020-06-11 13:06:00-04:00,2020-06-11 13:07:00-04:00,1591895160000000000,1591895220000000000,985.275,984.365,986.3299,982.81,50861.0
889,2020-06-11 13:08:00-04:00,2020-06-11 13:09:00-04:00,1591895280000000000,1591895340000000000,984.3346,987.56,987.88,984.3346,73107.0
890,2020-06-11 13:10:00-04:00,2020-06-11 13:11:00-04:00,1591895400000000000,1591895460000000000,987.26,988.2501,988.6202,984.57,55433.0
891,2020-06-11 13:12:00-04:00,2020-06-11 13:13:00-04:00,1591895520000000000,1591895580000000000,988.335,990.63,991.69,987.5714,80780.0
892,2020-06-11 13:14:00-04:00,2020-06-11 13:15:00-04:00,1591895640000000000,1591895700000000000,991.2,993.13,993.46,990.42,83692.0
893,2020-06-11 13:16:00-04:00,2020-06-11 13:17:00-04:00,1591895760000000000,1591895820000000000,993.069,994.06,994.06,991.9738,79746.0
894,2020-06-11 13:18:00-04:00,2020-06-11 13:19:00-04:00,1591895880000000000,1591895940000000000,994.12,993.8,994.8,992.56,59387.0
895,2020-06-11 13:20:00-04:00,2020-06-11 13:21:00-04:00,1591896000000000000,1591896060000000000,993.89,995.8,996.3099,993.85,81935.0
896,2020-06-11 13:22:00-04:00,2020-06-11 13:23:00-04:00,1591896120000000000,1591896180000000000,996.19,993.39,996.25,993.35,70015.0
897,2020-06-11 13:24:00-04:00,2020-06-11 13:25:00-04:00,1591896240000000000,1591896300000000000,993.69,992.62,994.42,992.25,41607.0
898,2020-06-11 13:26:00-04:00,2020-06-11 13:27:00-04:00,1591896360000000000,1591896420000000000,992.63,989.4161,992.645,988.12,47635.0
899,2020-06-11 13:28:00-04:00,2020-06-11 13:29:00-04:00,1591896480000000000,1591896540000000000,989.335,988.7947,989.6399,987.51,36932.0
900,2020-06-11 13:30:00-04:00,2020-06-11 13:31:00-04:00,1591896600000000000,1591896660000000000,989.0,989.425,989.9799,987.5,47051.0
901,2020-06-11 13:32:00-04:00,2020-06-11 13:33:00-04:00,1591896720000000000,1591896780000000000,989.67,990.73,991.49,988.925,36052.0
902,2020-06-11 13:34:00-04:00,2020-06-11 13:35:00-04:00,1591896840000000000,1591896900000000000,991.22,990.673,993.63,990.01,58965.0
903,2020-06-11 13:36:00-04:00,2020-06-11 13:37:00-04:00,1591896960000000000,1591897020000000000,990.355,991.52,992.48,989.6284,37629.0
904,2020-06-11 13:38:00-04:00,2020-06-11 13:39:00-04:00,1591897080000000000,1591897140000000000,991.095,989.38,991.73,988.78,17330.0
905,2020-06-11 13:40:00-04:00,2020-06-11 13:41:00-04:00,1591897200000000000,1591897260000000000,989.56,990.3699,990.8699,989.2345,30366.0
906,2020-06-11 13:42:00-04:00,2020-06-11 13:43:00-04:00,1591897320000000000,1591897380000000000,989.56,989.25,989.87,988.33,35030.0
907,2020-06-11 13:44:00-04:00,2020-06-11 13:45:00-04:00,1591897440000000000,1591897500000000000,989.0,988.4784,989.275,986.2,45042.0
908,2020-06-11 13:46:00-04:00,2020-06-11 13:47:00-04:00,1591897560000000000,1591897620000000000,987.9998,987.0818,989.22,986.1601,30082.0
909,2020-06-11 13:48:00-04:00,2020-06-11 13:49:00-04:00,1591897680000000000,1591897740000000000,986.64,986.5,988.6534,986.29,31771.0
910,2020-06-11 13:50:00-04:00,2020-06-11 13:51:00-04:00,1591897800000000000,1591897860000000000,986.4049,987.31,988.35,985.3,43054.0
911,2020-06-11 13:52:00-04:00,2020-06-11 13:53:00-04:00,1591897920000000000,1591897980000000000,987.2,987.2364,988.1435,986.99,22254.0
912,2020-06-11 13:54:00-04:00,2020-06-11 13:55:00-04:00,1591898040000000000,1591898100000000000,987.44,991.95,991.99,986.74,62107.0
913,2020-06-11 13:56:00-04:00,2020-06-11 13:57:00-04:00,1591898160000000000,1591898220000000000,991.99,990.3967,992.65,989.3502,36878.0
914,2020-06-11 13:58:00-04:00,2020-06-11 13:59:00-04:00,1591898280000000000,1591898340000000000,990.11,991.31,991.9699,990.11,34672.0
915,2020-06-11 14:00:00-04:00,2020-06-11 14:01:00-04:00,1591898400000000000,1591898460000000000,991.52,986.525,991.95,986.37,35929.0
916,2020-06-11 14:02:00-04:00,2020-06-11 14:03:00-04:00,1591898520000000000,1591898580000000000,986.16,987.0,988.48,986.16,40557.0
917,2020-06-11 14:04:00-04:00,2020-06-11 14:05:00-04:00,1591898640000000000,1591898700000000000,987.0,989.11,989.5499,986.91,28024.0
918,2020-06-11 14:06:00-04:00,2020-06-11 14:07:00-04:00,1591898760000000000,1591898820000000000,988.91,988.0,990.44,987.8516,31756.0
919,2020-06-11 14:08:00-04:00,2020-06-11 14:09:00-04:00,1591898880000000000,1591898940000000000,988.0,987.67,989.27,987.52,27914.0
920,2020-06-11 14:10:00-04:00,2020-06-11 14:11:00-04:00,1591899000000000000,1591899060000000000,987.402,986.9599,989.27,986.4201,37299.0
921,2020-06-11 14:12:00-04:00,2020-06-11 14:13:00-04:00,1591899120000000000,1591899180000000000,986.53,985.7,986.695,984.31,71343.0
922,2020-06-11 14:14:00-04:00,2020-06-11 14:15:00-04:00,1591899240000000000,1591899300000000000,985.91,986.5935,986.6999,984.56,30996.0
923,2020-06-11 14:16:00-04:00,2020-06-11 14:17:00-04:00,1591899360000000000,1591899420000000000,986.615,984.3205,986.74,984.16,32460.0
924,2020-06-11 14:18:00-04:00,2020-06-11 14:19:00-04:00,1591899480000000000,1591899540000000000,984.15,983.47,985.6899,983.0,57831.0
925,2020-06-11 14:20:00-04:00,2020-06-11 14:21:00-04:00,1591899600000000000,1591899660000000000,984.0,985.515,986.1198,982.79,47669.0
926,2020-06-11 14:22:00-04:00,2020-06-11 14:23:00-04:00,1591899720000000000,1591899780000000000,985.05,982.6055,985.54,981.17,52251.0
927,2020-06-11 14:24:00-04:00,2020-06-11 14:25:00-04:00,1591899840000000000,1591899900000000000,982.7,985.85,986.0,982.1701,62658.0
928,2020-06-11 14:26:00-04:00,2020-06-11 14:27:00-04:00,1591899960000000000,1591900020000000000,985.66,986.6201,987.095,984.5,36709.0
929,2020-06-11 14:28:00-04:00,2020-06-11 14:29:00-04:00,1591900080000000000,1591900140000000000,987.0,986.43,988.0,985.2765,48515.0
930,2020-06-11 14:30:00-04:00,2020-06-11 14:31:00-04:00,1591900200000000000,1591900260000000000,986.82,986.625,987.51,985.66,33341.0
931,2020-06-11 14:32:00-04:00,2020-06-11 14:33:00-04:00,1591900320000000000,1591900380000000000,986.698,983.77,987.0899,983.17,51113.0
932,2020-06-11 14:34:00-04:00,2020-06-11 14:35:00-04:00,1591900440000000000,1591900500000000000,984.602,983.58,985.8,983.0801,91205.0
933,2020-06-11 14:36:00-04:00,2020-06-11 14:37:00-04:00,1591900560000000000,1591900620000000000,983.1261,983.2,983.86,982.63,40390.0
934,2020-06-11 14:38:00-04:00,2020-06-11 14:39:00-04:00,1591900680000000000,1591900740000000000,982.785,981.52,983.75,981.1941,51226.0
935,2020-06-11 14:40:00-04:00,2020-06-11 14:41:00-04:00,1591900800000000000,1591900860000000000,981.21,980.2444,982.7899,979.5,79019.0
936,2020-06-11 14:42:00-04:00,2020-06-11 14:43:00-04:00,1591900920000000000,1591900980000000000,980.229,978.56,981.4999,978.01,52735.0
937,2020-06-11 14:44:00-04:00,2020-06-11 14:45:00-04:00,1591901040000000000,1591901100000000000,978.7168,981.355,982.35,978.0,75749.0
938,2020-06-11 14:46:00-04:00,2020-06-11 14:47:00-04:00,1591901160000000000,1591901220000000000,981.365,979.905,981.5452,979.36,52873.0
939,2020-06-11 14:48:00-04:00,2020-06-11 14:49:00-04:00,1591901280000000000,1591901340000000000,979.84,976.25,980.31,976.1901,61899.0
940,2020-06-11 14:50:00-04:00,2020-06-11 14:51:00-04:00,1591901400000000000,1591901460000000000,976.07,978.03,979.075,975.74,79643.0
941,2020-06-11 14:52:00-04:00,2020-06-11 14:53:00-04:00,1591901520000000000,1591901580000000000,978.025,979.31,980.5,978.025,44751.0
942,2020-06-11 14:54:00-04:00,2020-06-11 14:55:00-04:00,1591901640000000000,1591901700000000000,979.13,978.6701,979.13,976.1,72838.0
943,2020-06-11 14:56:00-04:00,2020-06-11 14:57:00-04:00,1591901760000000000,1591901820000000000,978.82,979.75,980.4999,977.2501,51360.0
944,2020-06-11 14:58:00-04:00,2020-06-11 14:59:00-04:00,1591901880000000000,1591901940000000000,979.73,979.83,979.83,976.15,77252.0
945,2020-06-11 15:00:00-04:00,2020-06-11 15:01:00-04:00,1591902000000000000,1591902060000000000,979.47,981.627,981.72,978.16,69770.0
946,2020-06-11 15:02:00-04:00,2020-06-11 15:03:00-04:00,1591902120000000000,1591902180000000000,981.729,983.4901,983.98,981.51,77305.0
947,2020-06-11 15:04:00-04:00,2020-06-11 15:05:00-04:00,1591902240000000000,1591902300000000000,983.49,985.37,985.3987,983.49,71646.0
948,2020-06-11 15:06:00-04:00,2020-06-11 15:07:00-04:00,1591902360000000000,1591902420000000000,985.4,982.485,986.18,981.52,74539.0
949,2020-06-11 15:08:00-04:00,2020-06-11 15:09:00-04:00,1591902480000000000,1591902540000000000,982.455,983.0071,984.5553,982.455,40751.0
950,2020-06-11 15:10:00-04:00,2020-06-11 15:11:00-04:00,1591902600000000000,1591902660000000000,983.51,984.37,985.0,982.0,38555.0
951,2020-06-11 15:12:00-04:00,2020-06-11 15:13:00-04:00,1591902720000000000,1591902780000000000,984.64,981.88,984.73,981.48,49776.0
952,2020-06-11 15:14:00-04:00,2020-06-11 15:15:00-04:00,1591902840000000000,1591902900000000000,981.8567,982.03,982.2,977.72,75530.0
953,2020-06-11 15:16:00-04:00,2020-06-11 15:17:00-04:00,1591902960000000000,1591903020000000000,982.7365,979.01,982.7365,978.48,38337.0
954,2020-06-11 15:18:00-04:00,2020-06-11 15:19:00-04:00,1591903080000000000,1591903140000000000,979.03,979.5768,980.0,978.7,45899.0
955,2020-06-11 15:20:00-04:00,2020-06-11 15:21:00-04:00,1591903200000000000,1591903260000000000,979.535,976.64,979.535,976.6201,59848.0
956,2020-06-11 15:22:00-04:00,2020-06-11 15:23:00-04:00,1591903320000000000,1591903380000000000,976.9,976.06,976.9,975.0,86104.0
957,2020-06-11 15:24:00-04:00,2020-06-11 15:25:00-04:00,1591903440000000000,1591903500000000000,975.74,974.97,976.02,974.24,47741.0
958,2020-06-11 15:26:00-04:00,2020-06-11 15:27:00-04:00,1591903560000000000,1591903620000000000,974.69,976.85,977.56,974.21,64656.0
959,2020-06-11 15:28:00-04:00,2020-06-11 15:29:00-04:00,1591903680000000000,1591903740000000000,976.84,978.35,980.0,976.5,73989.0
960,2020-06-11 15:30:00-04:00,2020-06-11 15:31:00-04:00,1591903800000000000,1591903860000000000,978.5835,976.366,978.99,975.0,74245.0
961,2020-06-11 15:32:00-04:00,2020-06-11 15:33:00-04:00,1591903920000000000,1591903980000000000,976.0214,979.0,979.6299,975.88,52628.0
962,2020-06-11 15:34:00-04:00,2020-06-11 15:35:00-04:00,1591904040000000000,1591904100000000000,978.71,976.9774,979.0,975.42,38330.0
963,2020-06-11 15:36:00-04:00,2020-06-11 15:37:00-04:00,1591904160000000000,1591904220000000000,976.98,977.6299,977.63,975.2,33927.0
964,2020-06-11 15:38:00-04:00,2020-06-11 15:39:00-04:00,1591904280000000000,1591904340000000000,977.145,975.98,977.23,975.0,71443.0
965,2020-06-11 15:40:00-04:00,2020-06-11 15:41:00-04:00,1591904400000000000,1591904460000000000,975.82,979.6211,979.97,975.0,96960.0
966,2020-06-11 15:42:00-04:00,2020-06-11 15:43:00-04:00,1591904520000000000,1591904580000000000,979.93,980.7294,980.9799,979.11,77137.0
967,2020-06-11 15:44:00-04:00,2020-06-11 15:45:00-04:00,1591904640000000000,1591904700000000000,980.97,979.0,983.0,978.76,93704.0
968,2020-06-11 15:46:00-04:00,2020-06-11 15:47:00-04:00,1591904760000000000,1591904820000000000,978.951,980.526,981.99,978.897,72235.0
969,2020-06-11 15:48:00-04:00,2020-06-11 15:49:00-04:00,1591904880000000000,1591904940000000000,980.5714,976.5147,980.9,976.5147,47393.0
970,2020-06-11 15:50:00-04:00,2020-06-11 15:51:00-04:00,1591905000000000000,1591905060000000000,977.02,976.0,978.8311,975.0,100066.0
971,2020-06-11 15:52:00-04:00,2020-06-11 15:53:00-04:00,1591905120000000000,1591905180000000000,975.87,977.225,977.88,975.6781,63501.0
972,2020-06-11 15:54:00-04:00,2020-06-11 15:55:00-04:00,1591905240000000000,1591905300000000000,977.02,975.62,977.815,974.5,93767.0
973,2020-06-11 15:56:00-04:00,2020-06-11 15:57:00-04:00,1591905360000000000,1591905420000000000,975.57,974.33,987.3359,974.1101,98192.0
974,2020-06-11 15:58:00-04:00,2020-06-11 15:59:00-04:00,1591905480000000000,1591905540000000000,974.33,972.91,975.0,972.0,234892.0
