Open,Close,High,Low,Volume,MA5_Close,MA9_Close,MA21_Close,MA30_Close,Close_Prev_Close_Percentage,Open_Prev_Close_Percentage,High_Prev_Close_Percentage,Low_Prev_Close_Percentage,MA5_Close_Prev_Close_Percentage,MA9_Close_Prev_Close_Percentage,MA21_Close_Prev_Close_Percentage,Close_Open_Prev_Close_Percentage,High_Low_Prev_Close_Percentage,Close_Trend_5,Close_Trend_10,Close_Trend_15,Close_Trend_30,Time_Section_Index,Day,rsi_24,rsi_12,tsi,stoch,stoch_sig,roc,ao,aroon_indicator,trix,vortex_diff,psar_up,psar_down,MACD_12_26,MACDsign_12_26,MACDdiff_12_26,bb_bbm_20,bb_bbh_20,bb_bbl_20,bb_bbw_20,bb_bbp_20,accDistIndexIndicator,forceIndexIndicator,mfi
72.51,73.03,73.33,72.5,28988,0.0,0.0,0.0,0.0,1.9,1.17,2.32,1.16,0.0,0.0,0.0,0.73,1.16,0.0,0.0,0.0,0.0,0,0,0.0,0.0,0.0,0.0,0.0,0.0,0.0,0.0,0.0,0.0,0.0,0.0,0.0,0.0,0.0,0.0,0.0,0.0,0.0,0.0,8.03281927710859,0.0,0.0
72.88,73.25,73.28,72.85,11606,0.0,0.0,0.0,0.0,2.2,1.69,2.25,1.65,0.0,0.0,0.0,0.52,0.6,0.0,0.0,0.0,0.0,0,0,0.0,0.0,0.0,0.0,0.0,0.0,0.0,0.0,0.0,0.0,0.0,0.0,0.0,0.0,0.0,-0.10999999999999943,0.10999999999999943,-0.3299999999999983,0.6015859994531005,0.75,18.019377416643437,0.0,0.0
73.14,74.0,74.05,73.1,27989,0.0,0.0,0.0,0.0,3.25,2.05,3.32,2.0,0.0,0.0,0.0,1.2,1.33,0.0,0.0,0.0,0.0,0,0,0.0,0.0,0.0,0.0,0.0,0.0,0.0,0.0,0.0,0.0,0.0,73.33,0.0,0.0,0.0,-0.5733333333333377,0.25714176496214236,-1.4038084316288177,2.2620531095754863,0.8451839401988593,43.06216689032782,0.0,0.0
73.82,73.96,74.13,73.82,26517,0.0,0.0,0.0,0.0,3.2,3.0,3.43,3.0,0.0,0.0,0.0,0.2,0.43,0.0,0.0,0.0,0.0,0,0,0.0,0.0,0.0,0.0,0.0,0.0,0.0,0.0,0.0,0.0,73.1,0.0,0.0,0.0,0.0,-0.3999999999999915,0.45475142585432593,-1.2547514258543089,2.3239571121650826,0.7339861554487579,40.49600560000517,0.0,0.0
74.01,73.93,74.1,73.86,14786,73.63,0.0,0.0,0.0,3.15,3.26,3.39,3.06,2.73,0.0,0.0,-0.11,0.33,0.0,0.0,0.0,0.0,0,0,0.0,0.0,0.0,0.0,0.0,0.0,0.0,0.0,0.0,0.0,73.1,0.0,0.0,0.0,0.0,-0.2960000000000065,0.5238146131900692,-1.1158146131900821,2.226728449330678,0.6805286190546217,34.335172266672934,0.0,0.0
73.93,74.49,74.49,73.86,19080,73.93,0.0,0.0,0.0,3.93,3.15,3.93,3.06,3.15,0.0,0.0,0.78,0.88,2.04,0.0,0.0,0.0,0,0,0.0,0.0,0.0,0.0,0.0,0.0,0.0,0.0,0.0,0.0,73.1206,0.0,0.0,0.0,0.0,-0.7133333333333383,0.27010733877430937,-1.6967740054409859,2.6659937797162097,0.8626722757990919,53.41517226667293,0.0,0.0
74.31,74.94,74.94,74.28,25183,74.26,0.0,0.0,0.0,4.56,3.68,4.56,3.64,3.61,0.0,0.0,0.88,0.92,2.36,0.0,0.0,0.0,0,0,0.0,0.0,0.0,0.0,0.0,0.0,0.0,0.0,0.0,0.0,73.175376,0.0,0.0,0.0,0.0,-0.9971428571428476,0.2242715120310521,-2.2185572263167472,3.3036710139943186,0.9081918807854137,78.59817226667293,0.0,0.0
74.87,75.02,75.42,74.84,29731,74.47,0.0,0.0,0.0,4.67,4.46,5.23,4.42,3.91,0.0,0.0,0.21,0.81,1.42,0.0,0.0,0.0,0,0,0.0,0.0,0.0,0.0,0.0,0.0,0.0,0.0,0.0,0.0,73.28125344,0.0,0.0,0.0,0.0,-0.9424999999999955,0.4039676007984667,-2.2889676007984576,3.63529438979032,0.8499898547284347,67.32089640460326,0.0,0.0
75.06,74.95,75.13,74.83,18465,74.67,74.17,0.0,0.0,4.58,4.73,4.83,4.41,4.19,3.49,0.0,-0.15,0.42,1.38,0.0,0.0,0.0,0,0,0.0,0.0,0.0,0.0,0.0,0.0,0.0,0.0,0.0,0.0,73.4523531648,0.0,0.0,0.0,0.0,-0.7755555555555702,0.6072953197053437,-2.158406430816484,3.728645049162852,0.7804190854669126,63.62789640460396,0.0,0.0
74.97,75.04,75.08,74.82,13414,74.89,74.4,0.0,0.0,4.7,4.6,4.76,4.4,4.49,3.81,0.0,0.1,0.36,1.55,0.0,0.0,0.0,0,0,0.0,0.0,0.0,0.0,0.0,0.0,0.0,0.0,0.0,0.0,73.609764911616,0.0,0.0,0.0,0.0,-0.7790000000000106,0.6319415296177056,-2.1899415296177267,3.799952948701785,0.7760567974106889,72.91451178922026,0.0,0.0
75.0,75.26,75.3,74.98,11082,75.04,74.62,0.0,0.0,5.01,4.65,5.06,4.62,4.7,4.12,0.0,0.36,0.45,1.07,3.11,0.0,0.0,0,0,0.0,0.0,0.0,0.0,0.0,0.0,0.0,0.0,0.0,0.0,73.75458371868672,0.0,0.0,0.0,0.0,-0.9081818181818164,0.5545881117007241,-2.370951748064357,3.934725379023059,0.8104322148100019,81.22601178922075,0.0,0.0
75.16,75.25,75.32,75.16,14903,75.1,74.76,0.0,0.0,5.0,4.87,5.09,4.87,4.79,4.31,0.0,0.13,0.22,0.43,2.79,0.0,0.0,0,0,0.0,93.28744405442676,0.0,0.0,0.0,0.0,0.0,0.0,0.0,0.0,73.88781702119178,0.0,0.0,0.0,0.0,-0.8233333333333377,0.6625633282447438,-2.3092299949114192,3.9929147122306023,0.777049324701667,83.08888678922173,0.0,0.0
75.25,75.23,75.42,75.14,10430,75.15,74.9,0.0,0.0,4.97,5.0,5.23,4.84,4.86,4.51,0.0,-0.03,0.39,0.29,1.72,0.0,0.0,0,0,0.0,91.9432290365689,0.0,0.0,0.0,3.0124606326167367,0.0,0.0,0.0,0.0,74.01039165949643,0.0,0.0,0.0,0.0,-0.7415384615384681,0.7488790567087591,-2.2319559797856954,4.001740638656261,0.7487687015416117,79.36388678922197,0.0,0.0
75.28,75.35,75.36,75.14,8839,75.23,75.06,0.0,0.0,5.13,5.04,5.15,4.84,4.97,4.73,0.0,0.1,0.31,0.56,1.94,0.0,0.0,0,0,0.0,92.63761931186858,0.0,97.60273972602714,0.0,2.8668941979522105,0.0,0.0,0.0,0.0,74.12316032673672,0.0,0.0,0.0,0.0,-0.7999999999999972,0.7031965939290927,-2.303196593929087,4.032720573921099,0.7660995917736012,87.39934133467611,2370.61633868379,35.67133745114211
75.28,75.18,75.36,75.02,8657,75.25,75.14,0.0,0.0,4.9,5.04,5.15,4.67,5.0,4.84,0.0,-0.14,0.47,0.2,1.74,0.0,0.0,0,0,0.0,81.74881231018395,0.0,90.66147859922202,0.0,1.594594594594604,0.0,0.0,0.0,0.8010563380281696,74.22690750059779,0.0,0.0,0.0,0.0,-0.5879999999999939,0.897847906079221,-2.0738479060792088,3.9839336821085767,0.6978668198791559,86.89010604055892,1821.7154331575503,32.56382819438937
75.19,75.09,75.27,74.94,7360,75.22,75.15,0.0,0.0,4.77,4.91,5.02,4.56,4.95,4.86,0.0,-0.14,0.46,-0.24,0.84,2.87,0.0,1,0,0.0,76.55206080965895,0.0,85.77586206896564,91.34669346473827,1.5278528934559352,0.0,0.0,0.0,0.7311827956989264,74.32235490054997,0.0,0.0,0.0,0.0,-0.4668750000000017,0.9918525062533092,-1.9256025062533126,3.909585684741321,0.6600281745557651,86.2210151314683,1466.8417998493253,29.139507469786977
75.0,75.2,75.24,74.99,7251,75.21,75.17,0.0,0.0,4.93,4.65,4.98,4.63,4.94,4.88,0.0,0.28,0.35,-0.07,0.36,2.72,0.0,1,0,0.0,78.38420810404955,0.0,86.25000000000014,87.56244688939593,1.7178412011362043,0.0,0.0,0.0,0.6311475409836087,74.41016650850597,0.0,0.0,0.0,0.0,-0.5429411764705918,0.8980350401087804,-1.983917393049964,3.8602544468982605,0.6883935245508216,91.15169513146876,1371.237257013707,27.17582948794069
75.16,75.34,75.36,75.14,8047,75.23,75.22,0.0,0.0,5.12,4.87,5.15,4.84,4.97,4.95,0.0,0.25,0.31,0.15,0.45,1.87,0.0,1,0,0.0,80.49974194314359,0.0,94.87179487179499,88.96588564692026,1.1410927641294248,0.0,0.0,0.0,0.5323590814196292,74.49095318782548,0.0,0.0,0.0,0.0,-0.6450000000000102,0.7899022421211868,-2.0799022421212072,3.8420302352799975,0.7247539870892233,97.73560422237814,1336.2862202974638,25.081513580474393
75.29,75.71,75.8,75.27,14881,75.3,75.29,0.0,0.0,5.64,5.05,5.76,5.02,5.06,5.05,0.0,0.59,0.74,0.5,1.06,2.44,0.0,1,0,0.0,84.79120887669131,0.0,95.36082474226787,92.16087320468768,1.0274886575927356,0.0,0.0,0.0,0.6122047244094506,74.56527693279945,0.0,0.0,0.0,0.0,-0.9615789473684089,0.5067715508422737,-2.4299294455790914,3.9287799729623534,0.8274350873787217,107.56267969407607,1931.95533168352,32.52063768452892
75.56,75.72,75.88,75.55,14431,75.41,75.34,0.0,0.0,5.65,5.43,5.87,5.41,5.22,5.12,0.0,0.22,0.46,0.75,0.95,2.5,0.0,1,0,0.0,84.889256726914,0.0,90.00000000000018,93.41087320468768,0.9330845107971245,0.0,0.0,0.0,0.6443514644351478,74.68874923951951,0.0,0.0,0.0,0.0,-0.9230000000000018,0.569515996564192,-2.4155159965641957,3.990844543401992,0.8092094162222613,107.99998272437932,1676.5774271573134,32.1288372476441
75.71,75.86,75.98,75.61,10890,75.57,75.41,74.85,0.0,5.85,5.64,6.01,5.5,5.44,5.22,4.44,0.21,0.52,1.07,0.84,1.91,0.0,1,0,0.0,86.24370225687383,0.0,89.65517241379281,91.67199905202028,1.2141427618412228,0.0,0.0,0.0,0.527839643652563,74.83169933077717,0.0,0.0,0.0,0.0,-0.9214999999999947,0.40101691860634503,-2.2440169186063343,3.529606059919373,0.8483887378057385,111.82619894059536,1654.866366134841,30.72307672880261
75.88,75.42,75.9,75.41,9544,75.61,75.43,74.96,0.0,5.23,5.87,5.9,5.22,5.5,5.25,4.59,-0.64,0.68,0.31,0.24,0.67,0.0,1,0,0.0,65.96991648447911,0.0,51.72413793103473,77.12643678160924,0.5063965884861347,0.0,0.0,0.0,0.23863636363636276,74.99246142446836,0.0,0.0,0.0,0.0,-0.37300000000000466,0.7124142066510757,-1.458414206651085,2.8926251726280343,0.671823805932508,102.67174996100371,818.5483138298669,22.223404110517322
75.62,75.38,75.62,75.34,9683,75.62,75.43,75.06,0.0,5.18,5.51,5.51,5.12,5.51,5.25,4.73,-0.33,0.39,0.06,0.21,0.5,0.0,1,0,0.0,64.46697987874319,0.0,48.27586206896527,63.2183908045976,0.15944724953493267,0.0,0.0,0.0,0.22831050228310779,75.1307168250428,0.0,0.0,0.0,0.0,-0.2639999999999958,0.7168241432591316,-1.2448241432591232,2.6114919411553528,0.6345807002276497,95.75532138957459,646.281411854163,26.416777880578252
75.39,75.63,75.66,75.34,5301,75.6,75.48,75.14,0.0,5.53,5.19,5.57,5.12,5.48,5.32,4.84,0.33,0.45,-0.11,0.39,0.95,0.0,1,0,7.420453069687236,69.244343594029,0.0,66.34615384615323,55.44871794871775,0.5049833887043129,0.0,0.0,0.0,0.24774774774774977,75.2496164695368,0.0,0.0,0.0,0.0,-0.430499999999995,0.4178507529318267,-1.2788507529318167,2.2562670042535435,0.7537275994111085,100.06238388957453,743.2769244464255,25.07694395079109
75.52,75.77,75.86,75.47,4438,75.61,75.56,75.23,0.0,5.72,5.37,5.85,5.3,5.5,5.43,4.97,0.35,0.54,0.07,0.82,1.02,0.0,1,0,7.5507609238459095,71.57874742328255,0.0,79.80769230769167,64.80990274093672,0.7177987504984608,0.0,80.0,0.0,0.23281596452328057,75.34,0.0,0.0,0.0,0.0,-0.4784999999999968,0.17618389318813854,-1.1331838931881322,1.7390645509470135,0.8654435407520337,102.45207619726676,725.854506668365,23.857016326585068
75.67,75.96,75.99,75.64,7946,75.63,75.64,75.32,0.0,5.99,5.58,6.03,5.54,5.53,5.54,5.09,0.4,0.49,0.14,1.21,0.98,0.0,1,0,7.714276744205835,74.44990858707433,0.0,97.14285714285703,81.09890109890064,0.8095554080955534,0.0,96.0,0.0,0.24468085106383086,75.34,0.0,0.22,0.04,0.18,-0.5949999999999989,0.01154760736480398,-1.2015476073648017,1.6096267693619133,0.9904808730389907,109.03590476869527,837.8381485728819,22.450621727594537
75.93,75.87,76.0,75.78,9033,75.72,75.7,75.39,0.0,5.86,5.94,6.04,5.73,5.65,5.62,5.19,-0.08,0.31,0.63,0.93,0.87,0.0,1,0,7.467845243669915,70.75625093973808,0.0,87.73584905660422,88.22879950238429,0.9177972865123671,0.0,84.0,0.0,0.26293103448275834,75.444,0.0,0.22,0.08,0.14,-0.4585000000000008,0.15316248863238968,-1.0701624886323913,1.6221995017534205,0.8747982004137249,107.39354113233196,602.0084130624841,22.1631488129851
75.92,75.87,75.93,75.73,6707,75.82,75.72,75.43,0.0,5.86,5.93,5.94,5.66,5.79,5.65,5.25,-0.07,0.28,0.68,0.74,0.89,0.0,1,0,7.467845243669915,70.75625093973808,0.0,87.73584905660422,90.8715184186885,1.0387534958050355,0.0,84.0,0.0,0.2510822510822531,75.54408000000001,0.0,0.22,0.11,0.11,-0.4159999999999968,0.1990577208685096,-1.0310577208685032,1.6302852621955268,0.8381796422395726,110.07634113233186,516.007211196415,16.276620997181368
75.91,76.34,76.35,75.83,15701,75.96,75.79,75.5,0.0,6.52,5.92,6.53,5.8,5.99,5.75,5.34,0.6,0.73,0.99,0.88,1.38,0.0,1,0,7.857093282270969,77.64814402417124,0.0,99.29078014184462,91.58749275168435,1.5159574468085113,0.0,96.0,0.0,0.37499999999999967,75.6261456,0.0,0.26,0.14,0.12,-0.8165000000000049,-0.13446554339243733,-1.4985344566075725,1.8061516126968893,1.0985767962965298,125.17345651694778,1496.5018953112103,24.68451739045929
76.24,76.43,76.5,76.19,15208,76.09,75.85,75.57,75.15,6.64,6.38,6.74,6.31,6.17,5.83,5.44,0.27,0.43,0.92,0.99,1.74,0.0,1,0,7.920953222284747,78.69691623264673,0.0,95.3642384105965,94.13028920301512,1.446774621714897,0.0,96.0,0.0,0.5188284518828459,75.73,0.0,0.28,0.17,0.11,-0.8370000000000033,-0.08637093048565703,-1.5876290695143496,1.9859750757724823,1.0575323645149652,133.51332748469045,1478.2473388381877,31.393011103601935
76.43,76.66,76.69,76.39,14822,76.23,75.99,75.64,75.27,6.96,6.64,7.0,6.59,6.36,6.03,5.54,0.32,0.42,0.98,1.12,2.19,5.06,2,0,8.074008509345871,81.16122000478441,0.0,98.06451612903219,97.57317822715777,1.254788006868317,0.0,96.0,0.0,0.5900621118012442,75.83,0.0,0.32,0.2,0.12,-0.9969999999999999,-0.1313418688650927,-1.862658131134907,2.288194047645235,1.0758624358399425,145.3709274846903,1754.0777190041395,32.37999486034094
76.64,76.26,76.68,76.25,11524,76.31,76.09,75.69,75.37,6.4,6.93,6.99,6.39,6.47,6.17,5.61,-0.53,0.6,0.54,1.17,1.48,4.2,2,0,7.122462470116764,66.55457712433171,0.0,69.71830985915548,87.71568813292805,0.7131537242472349,0.0,88.0,0.0,0.482142857142858,76.002,0.0,0.32,0.22,0.1,-0.5464999999999947,0.33459647598887443,-1.4275964759888637,2.3274488063261347,0.8101249493630358,134.38292748469055,844.9809020035622,25.082561165822042
76.32,76.42,76.46,76.2,7130,76.42,76.18,75.75,75.45,6.63,6.49,6.68,6.32,6.63,6.29,5.69,0.14,0.36,0.77,1.45,1.51,3.38,2,0,7.257374450552592,68.98988448207228,0.0,80.00000000000021,82.59427532939596,0.738201950962302,0.0,88.0,0.0,0.33333333333333426,76.1396,0.0,0.32,0.24,0.08,-0.6470000000000056,0.2559086332514511,-1.5499086332514622,2.3831935735722665,0.8582865287654297,139.31908133084477,887.240773145907,18.714505187218762
76.24,76.53,76.6,76.24,7690,76.46,76.26,75.81,75.54,6.78,6.38,6.88,6.38,6.68,6.4,5.78,0.4,0.5,0.27,1.26,1.14,3.59,2,0,7.346619704335654,70.59567737709291,0.0,88.14814814814835,79.28881933576801,1.4717581543357192,1.1848529411764588,84.0,0.0,0.2937499999999994,0.0,76.69,0.33,0.26,0.07,-0.6980000000000075,0.24015990108296137,-1.6361599010829764,2.4743113753638806,0.8720048145280289,144.01852577528948,881.3349484107769,17.183876439047737
76.55,76.62,76.72,76.51,10541,76.5,76.33,75.87,75.63,6.91,6.81,7.05,6.75,6.74,6.5,5.86,0.1,0.29,0.27,1.19,1.26,3.75,2,0,7.418341416558727,71.89468868988592,0.0,92.75362318840618,86.9672571121849,1.6449986733881787,1.1300294117647098,60.0,0.0,0.35344827586207006,76.24,0.0,0.34,0.28,0.06,-0.7160000000000082,0.23193248704747305,-1.6639324870474894,2.4977141838308423,0.8776640265965188,144.52047815624215,890.9570986378139,17.12643097073581
76.69,76.14,76.69,76.12,9590,76.39,76.36,75.92,75.68,6.24,7.0,7.0,6.21,6.59,6.54,5.93,-0.77,0.8,-0.73,0.25,0.39,2.3,2,0,6.448322831954597,57.193950636681784,0.0,57.97101449275361,79.62426194310272,0.6743355811186106,1.0047941176470658,60.0,0.0,0.31779661016949345,0.0,76.72,0.3,0.28,0.02,-0.1834999999999951,0.6918119443947006,-1.0588119443946908,2.3047716637672764,0.6048197737818435,135.60346061238235,106.07751311812092,17.057582999315116
76.18,76.29,76.39,76.14,6853,76.4,76.41,75.97,75.73,6.45,6.29,6.59,6.24,6.6,6.61,6.0,0.15,0.35,0.04,0.59,1.21,1.88,2,0,6.593569506228974,59.98341572091591,0.0,68.84057971014536,73.18840579710172,0.6862874488584008,0.885676470588237,60.0,0.0,0.3347547974413654,0.0,76.72,0.29,0.28,0.01,-0.2790000000000106,0.5346805269883248,-1.092680526988346,2.1409546696881647,0.6714432082040045,136.9740606123827,237.77358267268065,18.437445198349906
76.34,76.32,76.42,76.18,6156,76.38,76.41,76.03,75.77,6.49,6.52,6.63,6.29,6.57,6.61,6.08,-0.03,0.33,-0.14,0.63,1.31,1.81,2,0,6.622396199014538,60.54439019270988,42.086738270614006,67.99999999999955,64.93719806763283,0.47393364928909876,0.8112941176470514,60.0,0.0,0.34707158351410383,0.0,76.708,0.27,0.28,-0.01,-0.2599999999999909,0.5025745865159905,-1.0225745865159723,2.0051921812147815,0.6704751276775875,138.00006061238213,230.1887851480005,18.652478258800215
76.39,75.94,76.41,75.7,10987,76.26,76.35,76.05,75.8,5.96,6.59,6.61,5.62,6.4,6.53,6.11,-0.63,0.99,-0.82,-0.56,0.43,1.38,2,0,5.956188745691601,50.719476425856136,37.073064263306286,27.77777777777756,54.87278582930748,0.09226308158691601,0.6772647058823509,60.0,0.0,0.15821501014198924,0.0,76.69624,0.23,0.27,-0.04,0.13150000000000261,0.879411090972738,-0.6164110909727327,1.966337172193884,0.4120884811127929,134.44089159829755,-399.1324698731353,12.291345803005363
75.84,75.95,76.06,75.82,7950,76.13,76.27,76.07,75.83,5.97,5.82,6.13,5.79,6.22,6.42,6.14,0.15,0.33,-0.93,-0.67,0.25,1.27,2,0,5.967328790843146,50.947992412984355,33.16991508651379,24.50980392156872,40.09586056644861,0.10544352181362632,0.4903529411764822,60.0,0.0,0.0518672199170126,0.0,76.6563904,0.19,0.25,-0.06,0.13299999999999557,0.8658601503697838,-0.5998601503697927,1.9264754291229007,0.4092596316412578,135.10339159829786,-330.7564027483959,6.636475389447639
76.03,75.97,76.06,75.94,5491,76.09,76.24,76.08,75.86,6.0,6.08,6.13,5.96,6.17,6.38,6.15,-0.08,0.17,-0.24,-0.96,0.01,0.99,2,0,5.9903810016745735,51.439290256485265,30.113388892447418,26.47058823529383,26.252723311546703,-0.48467382761331484,0.3684705882352972,56.0,0.0,0.04661016949152541,0.0,76.618134784,0.16,0.24,-0.08,0.11849999999999739,0.8462162908716664,-0.6092162908716716,1.9128154474635957,0.4185809075003279,132.35789159829787,-267.8169166414853,5.5184590961872715
75.97,75.96,76.06,75.91,6046,76.03,76.19,76.08,75.88,5.99,6.0,6.13,5.92,6.08,6.31,6.15,-0.01,0.21,-0.46,-0.42,0.13,0.99,2,0,5.972568115622591,51.15979436613078,27.538094023643932,25.49019607843058,25.490196078431044,-0.614941776789236,0.2873235294117791,52.00000000000001,0.0,0.0663811563169141,0.0,76.58140939264001,0.14,0.22,-0.08,0.15550000000000352,0.8192612522586984,-0.5082612522586913,1.7440895803317191,0.3828645092863911,130.34255826496414,-238.1944999784204,5.7829777747151
75.95,76.0,76.03,75.88,5672,75.96,76.13,76.11,75.91,6.04,5.97,6.08,5.87,5.99,6.22,6.2,0.07,0.21,-0.45,-0.59,0.18,1.07,2,0,6.021941669470528,52.29096887073551,25.582863904098375,29.411764705882188,27.12418300653553,-0.8609444299504261,0.18964705882352462,32.0,0.0,-0.0627906976744177,0.0,76.54615301693441,0.12,0.2,-0.08,0.14650000000000318,0.7220093396288405,-0.42900933962883414,1.5115844841951693,0.3727214400252086,133.74575826496417,-171.75528569578384,-2.239806103248867
75.94,76.06,76.2,75.9,5022,75.99,76.07,76.14,75.93,6.13,5.96,6.32,5.9,6.03,6.14,6.24,0.17,0.42,0.17,-0.66,-0.39,0.99,2,0,6.096837473032953,54.03308577394605,24.231970118488587,35.294117647058904,30.06535947712389,-0.262260687123004,0.15629411764706447,32.0,0.043903539429939666,-0.1375291375291352,0.0,76.51230689625703,0.11,0.18,-0.07,0.10799999999998988,0.6347864842609425,-0.41878648426096277,1.3832225718436948,0.39749167525481705,134.08055826496408,-104.17310202495597,-6.863146690420201
76.02,76.07,76.13,76.02,2751,76.01,76.06,76.16,75.96,6.14,6.07,6.22,6.07,6.06,6.13,6.26,0.07,0.15,0.17,-0.77,-0.5,1.24,2,0,6.1095758894313,54.336255290716906,23.144993162652323,36.274509803920765,33.66013071895395,-0.4579952891913223,0.15579411764706208,32.0,0.04073943885029751,-0.2268292682926849,0.0,76.47981462040674,0.1,0.16,-0.06,0.11300000000001376,0.6098339762939275,-0.38383397629390004,1.304317173894212,0.38627991905573106,133.83046735587305,-85.3612303071087,-13.541735824238998
76.07,76.08,76.13,76.02,2080,76.03,76.04,76.18,75.99,6.15,6.14,6.22,6.07,6.08,6.1,6.29,0.01,0.15,0.15,-0.08,-0.81,1.38,3,0,6.122779803145825,54.66245736548845,22.273452935828043,37.25490196078401,36.27450980392123,-0.588004704037636,0.1462352941176448,32.0,0.03772243535289947,-0.20634920634921106,0.0,76.44862203559047,0.09,0.15,-0.06,0.10899999999999466,0.5977494245521058,-0.37974942455211647,1.2829920974211793,0.3884909173040132,134.01955826496405,-70.19534026323451,-7.654727102108787
76.07,76.19,76.2,76.04,4347,76.08,76.02,76.19,76.03,6.31,6.14,6.32,6.1,6.15,6.07,6.31,0.17,0.22,0.32,-0.14,-0.1,1.38,3,0,6.268159865715369,58.24206522671843,22.12838270491345,48.0392156862742,40.522875816992986,-0.5612111720177588,0.1485294117646987,32.0,0.03514353363041875,-0.11413043478260565,0.0,76.41867715416686,0.09,0.14,-0.05,0.01500000000001478,0.48136895265447777,-0.4513689526544482,1.2239851785433054,0.483918311977418,137.82318326496377,8.142565488655777,-1.588890794268032
76.16,76.29,76.3,76.12,6167,76.14,76.06,76.21,76.06,6.45,6.26,6.46,6.21,6.24,6.13,6.33,0.18,0.25,0.4,-0.04,-0.18,1.33,3,0,6.396339484873035,61.27436348645656,22.566625906444376,57.84313725490252,47.712418300653574,0.1970055161544598,0.17129411764705083,28.0,0.03315766288318371,-0.11999999999999689,0.0,76.38993006800018,0.1,0.13,-0.03,-0.06400000000000716,0.377289020937539,-0.5052890209375533,1.1578438352728628,0.5725148337749658,143.30496104274212,95.07934184742675,-2.4787985597511693
76.22,76.31,76.38,76.21,5827,76.19,76.1,76.23,76.08,6.47,6.35,6.57,6.33,6.31,6.18,6.36,0.13,0.24,0.35,0.52,-0.31,0.84,3,0,6.421987349863711,61.878344400706034,23.05370649621863,61.616161616161875,55.83283818577953,0.026215755669151942,0.18779411764705856,24.000000000000004,0.03164063990335561,-0.18497109826590052,75.7,0.0,0.11,0.13,-0.02,-0.08549999999999613,0.35443067635711145,-0.5254306763571037,1.154302557201707,0.5971744010988139,144.3332551603897,98.1451501549339,-5.42508504237815
76.34,76.23,76.34,76.18,3285,76.22,76.13,76.22,76.09,6.36,6.52,6.52,6.29,6.35,6.22,6.35,-0.15,0.22,0.22,0.39,-0.54,0.71,3,0,6.236716643384216,57.935429247777236,22.706048815811375,73.61111111111138,64.35680332739193,-0.11792452830187265,0.19082352941175884,16.0,0.030234643517570877,-0.09508196721311224,75.7136,0.0,0.1,0.12,-0.02,-0.015500000000002956,0.4142662155172445,-0.44526621551725043,1.1277807123769032,0.5180330601154256,143.10138016038962,46.58155727565843,-1.839516376937226
76.27,76.28,76.34,76.18,3474,76.26,76.17,76.22,76.11,6.43,6.42,6.52,6.29,6.4,6.28,6.35,0.01,0.22,0.28,0.43,0.2,0.59,3,0,6.306214656486658,59.6868637891484,22.720670068333988,80.55555555555544,71.92760942760957,0.44772188569924076,0.19414705882351768,16.0,0.029032955635485788,-0.0033783783783754018,75.726928,0.0,0.11,0.12,-0.01,-0.08450000000000557,0.29552499917771513,-0.46452499917772627,0.9974998501951446,0.6111768964973916,143.96988016038947,64.74133480770581,4.954532236645939
76.31,76.24,76.31,76.18,3042,76.27,76.19,76.2,76.14,6.38,6.47,6.47,6.29,6.42,6.31,6.32,-0.1,0.18,0.07,0.39,-0.07,1.14,3,0,6.210472435015795,57.594035920826414,22.324627205116425,76.05633802816857,76.74100156494512,0.3818301514153944,0.1898823529411544,12.0,0.027859895997085056,-0.03859649122807007,75.73998944,0.0,0.1,0.11,-0.01,-0.04550000000000409,0.3339456482818264,-0.42494564828183456,0.9959922259003747,0.5599558859167747,143.735880160389,38.10971554945941,-1.22243475892774
76.19,76.2,76.3,76.19,1653,76.25,76.21,76.19,76.16,6.32,6.31,6.46,6.31,6.39,6.33,6.31,0.01,0.15,-0.13,0.28,-0.17,1.14,3,0,6.113618671102303,55.47216751292969,21.563467720623237,67.85714285714431,74.8230121469561,0.30275108595498745,0.17600000000000193,-32.0,0.026599016649646073,0.16888888888888687,75.7527896512,0.0,0.1,0.11,-0.01,-0.01649999999999352,0.34864517660791705,-0.3816451766079041,0.9585938598460573,0.5225937531932827,142.38342561493462,23.219756185252805,6.01470889825508
76.25,76.24,76.28,76.16,3055,76.24,76.23,76.19,76.18,6.38,6.39,6.43,6.26,6.38,6.36,6.31,-0.01,0.17,-0.1,0.25,0.42,0.85,3,0,6.175850157048925,57.19264079102236,21.194718064218943,71.99999999999989,71.97116029510426,0.36861506055819004,0.14614705882353007,-32.0,0.025384448208182524,0.2629107981220673,75.765333858176,0.0,0.09,0.11,-0.02,-0.07099999999998374,0.259327110604076,-0.40132711060404347,0.8673531505049552,0.60746922931961,143.4017589482677,37.359791015927506,10.72660018480206
76.22,76.25,76.3,76.2,2532,76.24,76.25,76.17,76.2,6.39,6.35,6.46,6.32,6.38,6.39,6.28,0.04,0.14,0.03,0.25,0.42,0.67,3,0,6.191758051726522,57.63902710611771,20.951990646710755,74.00000000000091,71.28571428571503,0.3289473684210526,0.130764705882342,-32.0,0.02422916939967324,0.23696682464455143,75.77762718101249,0.0,0.09,0.1,-0.01,-0.09950000000000614,0.1619937857770708,-0.3609937857770831,0.6867815333506069,0.6902530870940653,143.4017589482677,35.639820870796854,8.622555611399157
76.28,76.48,76.48,76.21,5648,76.28,76.28,76.17,76.22,6.71,6.43,6.71,6.33,6.43,6.43,6.28,0.28,0.38,0.28,0.56,0.71,0.73,3,0,6.5374469869945155,66.42395770849237,22.495199019398214,100.0,82.00000000000027,0.5521956350249826,0.12747058823531177,-16.0,0.023707124111474322,0.3228699551569516,75.78967463739224,0.0,0.1,0.1,0.0,-0.3125000000000142,-0.01431381655076791,-0.6106861834492605,0.7829748474066928,1.024001475160911,149.0497589482677,216.12556074640048,19.395308395440253
76.4,75.74,76.51,75.7,22666,76.18,76.22,76.15,76.21,5.68,6.6,6.75,5.62,6.29,6.35,6.25,-0.92,1.13,-0.7,-0.63,-0.31,-0.18,3,0,5.01048560221749,38.442271000983915,15.320832567359343,4.938271604937276,59.6460905349794,-0.43381096358616844,0.0810882352941178,-88.0,0.021683017752250597,0.1038062283737069,0.0,76.48,0.06,0.09,-0.03,0.4000000000000057,0.7456009259247338,0.054399074075277554,0.907803850603436,-0.0787021532562758,128.62237623221787,-2210.8695193602575,2.947187778944077
75.89,75.62,75.97,75.36,19089,76.07,76.14,76.12,76.2,5.51,5.89,6.0,5.15,6.14,6.24,6.21,-0.38,0.85,-0.81,-0.93,-0.53,-0.35,3,0,4.819984096990057,35.776144426754044,8.791148264748209,22.608695652174248,42.51565575237051,-0.6046267087276469,-0.03976470588236225,-92.0,0.018390001887995232,-0.24062500000000397,0.0,76.48,0.01,0.08,-0.07,0.4849999999999852,0.887666114789937,0.08233388521003349,1.058185703409636,-0.10223592473504065,125.80596639615263,-2222.27101659448,-11.55764507744852
75.59,75.45,75.7,75.24,13907,75.91,76.06,76.07,76.17,5.27,5.47,5.62,4.98,5.92,6.13,6.14,-0.2,0.64,-1.1,-1.2,-0.85,-1.24,3,0,4.563495925665377,32.31275049906675,2.3055050193921085,16.535433070866635,14.694133442659387,-0.9712560703504329,-0.18402941176469767,-96.0,0.013916705887079774,-0.34084507042253376,0.0,76.51,-0.04,0.05,-0.09,0.6304999999999978,1.1204989795908062,0.14050102040918944,1.2881066228292621,-0.14336868673330705,124.5966620483268,-2242.5451570809864,-18.798843251713492
75.41,75.16,75.55,74.92,16691,75.69,75.93,76.04,76.13,4.87,5.22,5.41,4.53,5.61,5.94,6.1,-0.35,0.88,-1.52,-1.49,-1.27,-1.77,3,0,4.168631736547698,27.380093468603192,-5.009079035132548,15.094339622641156,18.07948944856068,-1.4811901953073923,-0.36997058823529017,-16.0,0.008073543163675445,-0.4127764127764115,0.0,76.4338,-0.11,0.02,-0.13,0.8810000000000002,1.513389120716056,0.24861087928394454,1.663284598351036,-0.1965647977960483,120.62261442927901,-2613.6658489265747,-24.724110254472492
74.93,75.32,75.36,74.93,11013,75.46,75.83,76.01,76.09,5.09,4.55,5.15,4.55,5.29,5.8,6.06,0.54,0.6,-1.62,-1.34,-1.06,-1.87,4,0,4.445334431102927,33.49090096803236,-9.060785225461776,25.157232704401924,18.92900179930324,-1.2973397981915988,-0.5880588235294084,-16.0,0.001959283494109769,-0.4493087557603703,0.0,76.312696,-0.14,-0.01,-0.13,0.6885000000000048,1.3946522498725358,-0.017652249872526227,1.8580875819744662,0.012498897989571421,129.5866841967205,-1988.5592990799269,-29.82952693183796
75.22,75.55,75.64,75.12,8526,75.42,75.76,75.99,76.06,5.41,4.95,5.54,4.81,5.23,5.71,6.03,0.46,0.73,-0.27,-0.96,-0.89,-0.99,4,0,4.814423532467375,41.24425584900397,-10.0922703165302,39.62264150943359,26.624737945492225,-0.8920372556736281,-0.7198235294117836,-16.0,-0.003487426481656975,-0.35470085470085455,0.0,76.20128032000001,-0.15,-0.04,-0.11,0.4380000000000024,1.1718555716215775,-0.2958555716215727,1.9315038469799841,0.20157615685047603,135.1613765044127,-1424.339399211361,-28.314674439330176
75.5,75.68,75.75,75.48,9720,75.43,75.69,75.97,76.04,5.6,5.34,5.69,5.32,5.25,5.61,6.0,0.25,0.38,0.08,-0.73,-0.85,-1.03,4,0,5.0099810093833455,45.18444008984942,-9.75730763518403,47.798742138365,37.52620545073351,-0.7865757734661697,-0.7158529411764647,-16.0,-0.007912913912970807,-0.2845188284518806,0.0,76.09877789440002,-0.14,-0.06,-0.08,0.2920000000000016,1.0379651466389248,-0.4539651466389216,1.9637896768254701,0.3042804001529704,139.8413765044131,-1040.3480564668675,-25.895857927551276
75.66,75.86,75.87,75.62,9309,75.51,75.65,75.97,76.02,5.85,5.57,5.86,5.51,5.36,5.55,6.0,0.28,0.35,0.57,-0.53,-0.63,-0.93,4,0,5.267821466325993,50.22622688121996,-8.00372771333984,59.119496855345645,48.84696016771475,-0.49842602308498885,-0.6432058823529445,-16.0,-0.010986884252151025,-0.21149897330595546,0.0,76.00447566284801,-0.12,-0.07,-0.05,0.10200000000000387,0.8483404049092087,-0.644340404909201,1.9650362152371048,0.4316665697521679,148.40565650441272,-652.3526198287535,-19.85540416159489
75.81,75.68,75.93,75.65,7853,75.62,75.56,75.95,75.98,5.6,5.78,5.94,5.55,5.51,5.43,5.97,-0.18,0.39,0.73,-0.8,-0.77,-1.31,4,0,4.99832282987978,45.646144561446356,-7.903363051907912,47.798742138365,51.57232704402522,-0.6824146981627245,-0.5101470588235486,-16.0,-0.013464579478897907,-0.18837675350701366,74.92,0.0,-0.12,-0.08,-0.04,0.26249999999998863,1.0168705985787199,-0.4918705985787426,1.9866888727095664,0.3260138978808621,142.23544221869847,-761.0936741389233,-23.43036716846673
75.74,75.77,75.77,75.57,6283,75.71,75.57,75.93,75.97,5.72,5.68,5.72,5.44,5.64,5.44,5.94,0.04,0.28,0.63,-0.99,-0.71,-0.52,4,0,5.128356095747958,48.221576732109305,-7.109893015305004,53.459119496854875,53.45911949685517,-0.6164742917103868,-0.381764705882361,-16.0,-0.015179117145880026,-0.22727272727273107,74.9402,0.0,-0.11,-0.09,-0.02,0.15699999999999648,0.9121715036996818,-0.5981715036996889,1.9892041136873193,0.3960501030356464,148.51844221869848,-571.5845778333726,-24.050782556771154
75.74,75.81,75.9,75.67,5828,75.76,75.59,75.92,75.96,5.78,5.68,5.9,5.58,5.71,5.47,5.93,0.1,0.32,0.36,0.1,-0.6,-0.67,4,0,5.1863938044325115,49.3843907872783,-6.172445055125401,55.97484276729551,52.410901467505134,-0.5770491803278659,-0.2847352941176524,-15.999999999999993,-0.01617639701179484,-0.17760617760617503,74.959996,0.0,-0.09,-0.09,0.0,0.09799999999998477,0.8448226027645518,-0.6488226027645823,1.9677045970505538,0.43438870245945216,149.78539874043753,-456.6267810000285,-20.704699930484153
75.85,75.7,75.9,75.65,6129,75.76,75.61,75.9,75.94,5.62,5.83,5.9,5.55,5.71,5.5,5.9,-0.21,0.35,0.03,0.11,-0.7,-0.87,4,0,5.01495166655024,46.267250168044185,-6.192070235724229,49.056603773584875,52.83018867924509,-1.019874476987449,-0.23376470588235065,-16.0,-0.016901421703854013,-0.16760828625235147,74.97939608,0.0,-0.09,-0.09,0.0,0.17849999999999966,0.9090689563621197,-0.5520689563621204,1.9256283568128523,0.3778349405312516,146.10799874043738,-487.70724085716677,-21.32185058075558
75.75,75.4,75.83,75.24,8918,75.67,75.64,75.86,75.92,5.2,5.69,5.8,4.98,5.58,5.54,5.85,-0.49,0.82,-0.64,-0.07,-1.17,-0.75,4,0,4.583745869497325,38.95222117495921,-8.270899389705493,30.188679245283204,45.07337526205453,-0.4489041457618025,-0.24400000000001398,-16.0,-0.018151188203974496,-0.24655172413793158,74.9984081584,0.0,-0.11,-0.09,-0.02,0.4329999999999927,1.1637557731554722,-0.29775577315548674,1.9272764447021202,0.20373138611669556,142.0268800963699,-800.2347778775679,-24.207004395519846
75.36,75.21,75.43,75.17,7657,75.58,75.63,75.8,75.89,4.94,5.15,5.25,4.88,5.46,5.53,5.76,-0.21,0.36,-0.66,0.07,-1.45,-1.03,4,0,4.337283080283806,35.116281313625805,-11.150391412963238,18.238993710691283,32.494758909853125,-0.5421846072467744,-0.3095000000000141,-16.0,-0.020152433455699066,-0.36096718480137946,75.017039995232,0.0,-0.14,-0.1,-0.04,0.5720000000000169,1.3267873872820672,-0.18278738728203336,1.991996482758571,0.12108534824637249,136.72588009636937,-893.7483810379285,-28.245356735936724
75.23,75.53,75.53,75.15,6153,75.53,75.63,75.77,75.88,5.39,4.97,5.39,4.86,5.39,5.53,5.72,0.42,0.53,-0.33,0.29,-1.33,-0.61,4,0,4.826184756803754,45.057369937169625,-10.830471528403827,58.0952380952382,35.5076370170709,0.10603048376407992,-0.34829411764705753,-16.000000000000007,-0.021709794241186124,-0.28544776119403015,75.03529919532735,0.0,-0.14,-0.11,-0.03,0.21450000000000102,0.9405709331739445,-0.5115709331739424,1.9171581650785035,0.35228715942233313,142.87888009636936,-484.7900408896466,-21.118574250973083
75.47,75.47,75.58,75.4,4650,75.46,75.6,75.73,75.86,5.3,5.3,5.46,5.2,5.29,5.48,5.66,0.0,0.25,-0.47,-0.11,-0.38,-0.68,4,0,4.7460150194397475,43.68821576495759,-10.961946999709468,54.455445544553896,43.59655911682779,0.4124534326769589,-0.38347058823528357,-16.0,-0.023015088025458166,-0.0709939148073011,75.0531932114208,0.0,-0.14,-0.12,-0.02,0.2360000000000042,0.9340085959356657,-0.46200859593565724,1.84399808716789,0.33094764063496046,141.84554676303583,-455.39146361969864,-13.917189629646728
75.49,75.49,75.67,75.42,6256,75.42,75.56,75.7,75.85,5.33,5.33,5.58,5.23,5.23,5.43,5.62,0.0,0.35,-0.29,-0.27,-0.18,-0.71,4,0,4.776197533686435,44.30364846722467,-10.908349946516328,56.43564356435547,56.32877573471586,0.2257036643653767,-0.4144705882353037,-16.0,-0.023999384568048114,0.03177966101695051,75.07072934719238,0.0,-0.14,-0.12,-0.02,0.1805000000000092,0.8458562955290176,-0.4848562955289992,1.7585619112573816,0.3643583887212654,139.09290676303547,-372.46125453117384,-6.076043649627493
75.6,75.6,75.69,75.47,4399,75.46,75.55,75.67,75.83,5.48,5.48,5.61,5.3,5.29,5.41,5.58,0.0,0.31,0.28,-0.36,0.21,-0.64,4,0,4.9429268310177665,47.731133848187085,-9.997969327422936,66.99999999999875,59.297029702969375,0.06618133686300087,-0.3948823529411811,-15.999999999999996,-0.024396662042337255,0.16009280742459386,75.08791476024854,0.0,-0.12,-0.12,0.0,0.03849999999999909,0.6506527587131217,-0.5736527587131235,1.6186274416153748,0.4685536008357339,139.8927249448535,-250.12536102672084,3.4346311866212886
75.6,75.46,75.7,75.43,5720,75.51,75.52,75.63,75.81,5.29,5.48,5.62,5.25,5.36,5.37,5.53,-0.2,0.38,0.35,-0.31,0.42,-0.85,4,0,4.741925622891069,43.97390371601876,-10.170831757935213,41.97530864197386,55.13698406877603,-0.29069767441862193,-0.32908823529412246,-16.0,-0.024696275805072408,0.202409638554218,75.10475646504356,0.0,-0.12,-0.12,0.0,0.13900000000001,0.68679193130248,-0.40879193130245994,1.449204172813053,0.37312701040565394,135.44383605596408,-328.79316659433266,6.310227963708968
75.54,75.68,75.68,75.43,5141,75.54,75.5,75.6,75.8,5.6,5.4,5.6,5.25,5.4,5.34,5.48,0.2,0.35,0.21,-0.13,0.5,-0.56,5,0,5.070614721648925,50.63530652982376,-8.576354942922858,67.948717948718,58.9746755302302,-0.23727919852358637,-0.27344117647058397,-16.0,-0.024303189167843683,0.09020618556701254,75.12126133574269,0.0,-0.1,-0.12,0.02,-0.12100000000000932,0.2528395377700008,-0.49483953777001943,0.9895301361055866,0.6618341397512236,140.58483605596408,-120.2484285094184,4.745602596054297
75.63,76.23,76.25,75.58,16720,75.69,75.56,75.59,75.8,6.36,5.53,6.39,5.46,5.61,5.43,5.47,0.84,0.93,1.06,0.59,0.95,0.06,5,0,5.7617575240427366,62.72302979967223,-3.2028872209640467,98.18181818181853,69.36861492417013,0.7267441860465078,-0.187264705882356,-16.0,-0.021998791959362905,0.14018691588784915,75.13743610902783,0.0,-0.04,-0.1,0.06,-0.6465000000000032,-0.1765521305505331,-1.1164478694494733,1.2435197349936695,1.1878422502025157,156.3066271007404,1210.6442041347775,7.918378031615511
76.01,76.3,76.38,76.0,22675,75.85,75.66,75.62,75.8,6.46,6.06,6.57,6.04,5.83,5.57,5.51,0.4,0.53,1.13,0.84,0.87,0.01,5,0,5.839233512344757,63.948698030363325,1.3587135144687104,93.49593495934968,86.54215702996207,0.6994852844133578,-0.06238235294117089,-16.000000000000004,-0.018288312913018842,0.20181405895691318,75.18193866466672,0.0,0.01,-0.08,0.09,-0.6824999999999903,-0.11802236536767907,-1.2469776346323016,1.492981478182461,1.1045412237143428,169.43425867968787,1264.4450321155016,12.88575363922498
