index,Start_DateTime,End_DateTime,Start_Timestamp,End_Timestamp,Open,Close,High,Low,Volume
0,2020-03-19 09:30:00-04:00,2020-03-19 09:31:00-04:00,1584624600000000000,1584624660000000000,247.385,245.955,249.0,245.91,1420963.0
1,2020-03-19 09:32:00-04:00,2020-03-19 09:33:00-04:00,1584624720000000000,1584624780000000000,245.99,244.74,246.14,243.8,496466.0
2,2020-03-19 09:34:00-04:00,2020-03-19 09:35:00-04:00,1584624840000000000,1584624900000000000,244.8368,244.01,245.89,243.73,457942.0
3,2020-03-19 09:36:00-04:00,2020-03-19 09:37:00-04:00,1584624960000000000,1584625020000000000,244.0,243.985,244.71,243.5,417762.0
4,2020-03-19 09:38:00-04:00,2020-03-19 09:39:00-04:00,1584625080000000000,1584625140000000000,244.075,244.095,244.515,243.25,470362.0
5,2020-03-19 09:40:00-04:00,2020-03-19 09:41:00-04:00,1584625200000000000,1584625260000000000,244.11,242.96,244.33,242.61,469346.0
6,2020-03-19 09:42:00-04:00,2020-03-19 09:43:00-04:00,1584625320000000000,1584625380000000000,242.99,244.1699,244.67,242.92,518918.0
7,2020-03-19 09:44:00-04:00,2020-03-19 09:45:00-04:00,1584625440000000000,1584625500000000000,244.16,244.435,244.84,243.16,497124.0
8,2020-03-19 09:46:00-04:00,2020-03-19 09:47:00-04:00,1584625560000000000,1584625620000000000,244.44,245.31,245.64,244.415,592030.0
9,2020-03-19 09:48:00-04:00,2020-03-19 09:49:00-04:00,1584625680000000000,1584625740000000000,245.35,246.29,246.56,244.71,447016.0
10,2020-03-19 09:50:00-04:00,2020-03-19 09:51:00-04:00,1584625800000000000,1584625860000000000,246.28,247.45,247.82,245.78,538254.0
11,2020-03-19 09:52:00-04:00,2020-03-19 09:53:00-04:00,1584625920000000000,1584625980000000000,247.44,247.58,247.72,246.34,459870.0
12,2020-03-19 09:54:00-04:00,2020-03-19 09:55:00-04:00,1584626040000000000,1584626100000000000,247.531,249.2601,249.6499,247.34,577568.0
13,2020-03-19 09:56:00-04:00,2020-03-19 09:57:00-04:00,1584626160000000000,1584626220000000000,249.3166,249.29,250.42,248.58,688124.0
14,2020-03-19 09:58:00-04:00,2020-03-19 09:59:00-04:00,1584626280000000000,1584626340000000000,249.2,250.165,250.34,248.63,412335.0
15,2020-03-19 10:00:00-04:00,2020-03-19 10:01:00-04:00,1584626400000000000,1584626460000000000,250.15,249.07,250.2,248.58,432591.0
16,2020-03-19 10:02:00-04:00,2020-03-19 10:03:00-04:00,1584626520000000000,1584626580000000000,249.05,249.75,249.95,249.0,346212.0
17,2020-03-19 10:04:00-04:00,2020-03-19 10:05:00-04:00,1584626640000000000,1584626700000000000,249.7116,250.475,251.0,249.3,463669.0
18,2020-03-19 10:06:00-04:00,2020-03-19 10:07:00-04:00,1584626760000000000,1584626820000000000,250.515,249.26,251.09,248.77,537167.0
19,2020-03-19 10:08:00-04:00,2020-03-19 10:09:00-04:00,1584626880000000000,1584626940000000000,249.2,250.0,250.34,248.71,417343.0
20,2020-03-19 10:10:00-04:00,2020-03-19 10:11:00-04:00,1584627000000000000,1584627060000000000,249.99,249.54,250.09,248.5,427097.0
21,2020-03-19 10:12:00-04:00,2020-03-19 10:13:00-04:00,1584627120000000000,1584627180000000000,249.52,251.0,251.37,249.105,540882.0
22,2020-03-19 10:14:00-04:00,2020-03-19 10:15:00-04:00,1584627240000000000,1584627300000000000,250.98,251.21,252.84,250.36,663291.0
23,2020-03-19 10:16:00-04:00,2020-03-19 10:17:00-04:00,1584627360000000000,1584627420000000000,251.19,250.69,252.22,250.05,532601.0
24,2020-03-19 10:18:00-04:00,2020-03-19 10:19:00-04:00,1584627480000000000,1584627540000000000,250.755,250.5121,251.58,250.29,451057.0
25,2020-03-19 10:20:00-04:00,2020-03-19 10:21:00-04:00,1584627600000000000,1584627660000000000,250.45,250.6223,251.48,250.25,362515.0
26,2020-03-19 10:22:00-04:00,2020-03-19 10:23:00-04:00,1584627720000000000,1584627780000000000,250.65,250.23,251.0,250.06,280165.0
27,2020-03-19 10:24:00-04:00,2020-03-19 10:25:00-04:00,1584627840000000000,1584627900000000000,250.2647,249.25,250.73,248.78,496257.0
28,2020-03-19 10:26:00-04:00,2020-03-19 10:27:00-04:00,1584627960000000000,1584628020000000000,249.2452,248.98,249.66,248.0,467307.0
29,2020-03-19 10:28:00-04:00,2020-03-19 10:29:00-04:00,1584628080000000000,1584628140000000000,249.0,248.79,249.5,248.68,381302.0
30,2020-03-19 10:30:00-04:00,2020-03-19 10:31:00-04:00,1584628200000000000,1584628260000000000,248.79,248.82,249.0,247.82,369555.0
31,2020-03-19 10:32:00-04:00,2020-03-19 10:33:00-04:00,1584628320000000000,1584628380000000000,248.74,249.16,249.31,247.87,406156.0
32,2020-03-19 10:34:00-04:00,2020-03-19 10:35:00-04:00,1584628440000000000,1584628500000000000,249.14,248.72,249.76,248.59,388055.0
33,2020-03-19 10:36:00-04:00,2020-03-19 10:37:00-04:00,1584628560000000000,1584628620000000000,248.75,247.85,249.06,247.82,374997.0
34,2020-03-19 10:38:00-04:00,2020-03-19 10:39:00-04:00,1584628680000000000,1584628740000000000,247.865,246.13,248.1,245.88,534726.0
35,2020-03-19 10:40:00-04:00,2020-03-19 10:41:00-04:00,1584628800000000000,1584628860000000000,246.11,244.49,246.505,244.35,459346.0
36,2020-03-19 10:42:00-04:00,2020-03-19 10:43:00-04:00,1584628920000000000,1584628980000000000,244.45,244.53,245.2,244.0,452184.0
37,2020-03-19 10:44:00-04:00,2020-03-19 10:45:00-04:00,1584629040000000000,1584629100000000000,244.5,245.175,245.96,244.0,430217.0
38,2020-03-19 10:46:00-04:00,2020-03-19 10:47:00-04:00,1584629160000000000,1584629220000000000,245.22,243.54,245.2931,242.99,444647.0
39,2020-03-19 10:48:00-04:00,2020-03-19 10:49:00-04:00,1584629280000000000,1584629340000000000,243.57,243.165,244.38,243.0,340625.0
40,2020-03-19 10:50:00-04:00,2020-03-19 10:51:00-04:00,1584629400000000000,1584629460000000000,243.12,243.6498,244.17,242.97,257328.0
41,2020-03-19 10:52:00-04:00,2020-03-19 10:53:00-04:00,1584629520000000000,1584629580000000000,243.66,243.245,243.855,243.2,232543.0
42,2020-03-19 10:54:00-04:00,2020-03-19 10:55:00-04:00,1584629640000000000,1584629700000000000,243.31,244.93,244.96,243.2606,311599.0
43,2020-03-19 10:56:00-04:00,2020-03-19 10:57:00-04:00,1584629760000000000,1584629820000000000,244.905,245.9375,246.3,244.78,362235.0
44,2020-03-19 10:58:00-04:00,2020-03-19 10:59:00-04:00,1584629880000000000,1584629940000000000,246.0,244.65,246.12,244.63,311207.0
45,2020-03-19 11:00:00-04:00,2020-03-19 11:01:00-04:00,1584630000000000000,1584630060000000000,244.75,245.65,245.67,244.56,307832.0
46,2020-03-19 11:02:00-04:00,2020-03-19 11:03:00-04:00,1584630120000000000,1584630180000000000,245.65,245.0,246.31,244.94,515815.0
47,2020-03-19 11:04:00-04:00,2020-03-19 11:05:00-04:00,1584630240000000000,1584630300000000000,244.9701,244.86,245.64,244.7814,170772.0
48,2020-03-19 11:06:00-04:00,2020-03-19 11:07:00-04:00,1584630360000000000,1584630420000000000,244.84,245.0402,245.9,244.76,226930.0
49,2020-03-19 11:08:00-04:00,2020-03-19 11:09:00-04:00,1584630480000000000,1584630540000000000,245.04,245.2731,245.67,244.7317,175935.0
50,2020-03-19 11:10:00-04:00,2020-03-19 11:11:00-04:00,1584630600000000000,1584630660000000000,245.305,245.335,245.5,244.8,215545.0
51,2020-03-19 11:12:00-04:00,2020-03-19 11:13:00-04:00,1584630720000000000,1584630780000000000,245.35,247.2,247.2,244.96,429901.0
52,2020-03-19 11:14:00-04:00,2020-03-19 11:15:00-04:00,1584630840000000000,1584630900000000000,247.2005,246.9799,247.34,246.3896,306896.0
53,2020-03-19 11:16:00-04:00,2020-03-19 11:17:00-04:00,1584630960000000000,1584631020000000000,246.9512,247.68,247.87,246.66,297684.0
54,2020-03-19 11:18:00-04:00,2020-03-19 11:19:00-04:00,1584631080000000000,1584631140000000000,247.69,247.57,248.0,246.87,299971.0
55,2020-03-19 11:20:00-04:00,2020-03-19 11:21:00-04:00,1584631200000000000,1584631260000000000,247.6,248.72,248.82,247.32,303763.0
56,2020-03-19 11:22:00-04:00,2020-03-19 11:23:00-04:00,1584631320000000000,1584631380000000000,248.705,248.97,249.1799,248.5,286151.0
57,2020-03-19 11:24:00-04:00,2020-03-19 11:25:00-04:00,1584631440000000000,1584631500000000000,249.09,248.78,249.14,248.32,291055.0
58,2020-03-19 11:26:00-04:00,2020-03-19 11:27:00-04:00,1584631560000000000,1584631620000000000,248.8115,249.005,249.19,248.69,317266.0
59,2020-03-19 11:28:00-04:00,2020-03-19 11:29:00-04:00,1584631680000000000,1584631740000000000,249.05,249.68,250.0,249.025,464118.0
60,2020-03-19 11:30:00-04:00,2020-03-19 11:31:00-04:00,1584631800000000000,1584631860000000000,249.69,248.9191,249.7,248.55,327119.0
61,2020-03-19 11:32:00-04:00,2020-03-19 11:33:00-04:00,1584631920000000000,1584631980000000000,248.9191,249.02,249.47,248.32,295698.0
62,2020-03-19 11:34:00-04:00,2020-03-19 11:35:00-04:00,1584632040000000000,1584632100000000000,249.0,249.53,249.71,248.66,279657.0
63,2020-03-19 11:36:00-04:00,2020-03-19 11:37:00-04:00,1584632160000000000,1584632220000000000,249.51,250.531,250.6,249.2053,390962.0
64,2020-03-19 11:38:00-04:00,2020-03-19 11:39:00-04:00,1584632280000000000,1584632340000000000,250.61,249.5,251.25,249.31,526236.0
65,2020-03-19 11:40:00-04:00,2020-03-19 11:41:00-04:00,1584632400000000000,1584632460000000000,249.5727,250.14,250.935,249.5727,438920.0
66,2020-03-19 11:42:00-04:00,2020-03-19 11:43:00-04:00,1584632520000000000,1584632580000000000,250.14,249.52,250.14,249.01,306919.0
67,2020-03-19 11:44:00-04:00,2020-03-19 11:45:00-04:00,1584632640000000000,1584632700000000000,249.45,250.0326,250.35,249.41,252579.0
68,2020-03-19 11:46:00-04:00,2020-03-19 11:47:00-04:00,1584632760000000000,1584632820000000000,249.94,250.47,250.67,249.58,228429.0
69,2020-03-19 11:48:00-04:00,2020-03-19 11:49:00-04:00,1584632880000000000,1584632940000000000,250.4237,250.36,250.63,249.82,214954.0
70,2020-03-19 11:50:00-04:00,2020-03-19 11:51:00-04:00,1584633000000000000,1584633060000000000,250.32,249.41,250.36,249.295,257788.0
71,2020-03-19 11:52:00-04:00,2020-03-19 11:53:00-04:00,1584633120000000000,1584633180000000000,249.425,249.36,249.93,249.16,215912.0
72,2020-03-19 11:54:00-04:00,2020-03-19 11:55:00-04:00,1584633240000000000,1584633300000000000,249.32,249.615,249.88,248.91,221987.0
73,2020-03-19 11:56:00-04:00,2020-03-19 11:57:00-04:00,1584633360000000000,1584633420000000000,249.6465,248.1775,250.24,248.021,335167.0
74,2020-03-19 11:58:00-04:00,2020-03-19 11:59:00-04:00,1584633480000000000,1584633540000000000,248.08,247.16,248.29,246.91,467306.0
75,2020-03-19 12:00:00-04:00,2020-03-19 12:01:00-04:00,1584633600000000000,1584633660000000000,247.12,248.38,248.38,246.89,272155.0
76,2020-03-19 12:02:00-04:00,2020-03-19 12:03:00-04:00,1584633720000000000,1584633780000000000,248.37,247.22,248.42,246.68,288207.0
77,2020-03-19 12:04:00-04:00,2020-03-19 12:05:00-04:00,1584633840000000000,1584633900000000000,247.26,248.04,248.06,246.93,319562.0
78,2020-03-19 12:06:00-04:00,2020-03-19 12:07:00-04:00,1584633960000000000,1584634020000000000,248.01,247.92,248.71,247.64,240550.0
79,2020-03-19 12:08:00-04:00,2020-03-19 12:09:00-04:00,1584634080000000000,1584634140000000000,248.0,247.46,248.3,247.4,188378.0
80,2020-03-19 12:10:00-04:00,2020-03-19 12:11:00-04:00,1584634200000000000,1584634260000000000,247.45,246.84,247.59,246.55,285540.0
81,2020-03-19 12:12:00-04:00,2020-03-19 12:13:00-04:00,1584634320000000000,1584634380000000000,246.81,245.86,246.82,245.8,251942.0
82,2020-03-19 12:14:00-04:00,2020-03-19 12:15:00-04:00,1584634440000000000,1584634500000000000,245.86,246.255,246.89,245.86,206799.0
83,2020-03-19 12:16:00-04:00,2020-03-19 12:17:00-04:00,1584634560000000000,1584634620000000000,246.24,245.88,246.36,245.24,212765.0
84,2020-03-19 12:18:00-04:00,2020-03-19 12:19:00-04:00,1584634680000000000,1584634740000000000,245.885,246.665,247.0,245.79,233340.0
85,2020-03-19 12:20:00-04:00,2020-03-19 12:21:00-04:00,1584634800000000000,1584634860000000000,246.651,246.8301,247.7573,246.35,313655.0
86,2020-03-19 12:22:00-04:00,2020-03-19 12:23:00-04:00,1584634920000000000,1584634980000000000,246.8593,246.9668,247.4,246.41,185789.0
87,2020-03-19 12:24:00-04:00,2020-03-19 12:25:00-04:00,1584635040000000000,1584635100000000000,246.96,246.6795,247.07,245.84,251154.0
88,2020-03-19 12:26:00-04:00,2020-03-19 12:27:00-04:00,1584635160000000000,1584635220000000000,246.69,246.385,246.88,245.7,189378.0
89,2020-03-19 12:28:00-04:00,2020-03-19 12:29:00-04:00,1584635280000000000,1584635340000000000,246.385,247.0766,247.5,246.11,253572.0
90,2020-03-19 12:30:00-04:00,2020-03-19 12:31:00-04:00,1584635400000000000,1584635460000000000,247.086,246.235,247.22,245.84,254671.0
91,2020-03-19 12:32:00-04:00,2020-03-19 12:33:00-04:00,1584635520000000000,1584635580000000000,246.24,245.67,246.61,245.67,166104.0
92,2020-03-19 12:34:00-04:00,2020-03-19 12:35:00-04:00,1584635640000000000,1584635700000000000,245.67,245.96,246.3,245.55,215398.0
93,2020-03-19 12:36:00-04:00,2020-03-19 12:37:00-04:00,1584635760000000000,1584635820000000000,246.01,245.948,246.59,245.65,245228.0
94,2020-03-19 12:38:00-04:00,2020-03-19 12:39:00-04:00,1584635880000000000,1584635940000000000,245.91,246.0794,246.19,245.2,264315.0
95,2020-03-19 12:40:00-04:00,2020-03-19 12:41:00-04:00,1584636000000000000,1584636060000000000,246.04,245.7807,246.61,245.32,286551.0
96,2020-03-19 12:42:00-04:00,2020-03-19 12:43:00-04:00,1584636120000000000,1584636180000000000,245.67,246.98,247.0,245.6,248747.0
97,2020-03-19 12:44:00-04:00,2020-03-19 12:45:00-04:00,1584636240000000000,1584636300000000000,246.91,247.4,247.4,246.5,249527.0
98,2020-03-19 12:46:00-04:00,2020-03-19 12:47:00-04:00,1584636360000000000,1584636420000000000,247.3866,247.575,247.8589,247.11,251719.0
99,2020-03-19 12:48:00-04:00,2020-03-19 12:49:00-04:00,1584636480000000000,1584636540000000000,247.5778,246.95,247.88,246.81,252091.0
100,2020-03-19 12:50:00-04:00,2020-03-19 12:51:00-04:00,1584636600000000000,1584636660000000000,246.91,247.56,247.8,246.63,202858.0
101,2020-03-19 12:52:00-04:00,2020-03-19 12:53:00-04:00,1584636720000000000,1584636780000000000,247.5,248.29,248.55,247.07,291176.0
102,2020-03-19 12:54:00-04:00,2020-03-19 12:55:00-04:00,1584636840000000000,1584636900000000000,248.3,248.84,249.22,248.3,300981.0
103,2020-03-19 12:56:00-04:00,2020-03-19 12:57:00-04:00,1584636960000000000,1584637020000000000,248.86,248.15,249.04,247.84,238441.0
104,2020-03-19 12:58:00-04:00,2020-03-19 12:59:00-04:00,1584637080000000000,1584637140000000000,248.15,247.575,248.1547,246.65,298500.0
105,2020-03-19 13:00:00-04:00,2020-03-19 13:01:00-04:00,1584637200000000000,1584637260000000000,247.61,247.81,248.33,247.51,209090.0
106,2020-03-19 13:02:00-04:00,2020-03-19 13:03:00-04:00,1584637320000000000,1584637380000000000,247.86,247.2942,248.29,247.15,207333.0
107,2020-03-19 13:04:00-04:00,2020-03-19 13:05:00-04:00,1584637440000000000,1584637500000000000,247.32,247.72,247.99,247.06,151255.0
108,2020-03-19 13:06:00-04:00,2020-03-19 13:07:00-04:00,1584637560000000000,1584637620000000000,247.7001,248.44,248.9042,247.42,197311.0
109,2020-03-19 13:08:00-04:00,2020-03-19 13:09:00-04:00,1584637680000000000,1584637740000000000,248.48,248.54,248.88,248.17,167842.0
110,2020-03-19 13:10:00-04:00,2020-03-19 13:11:00-04:00,1584637800000000000,1584637860000000000,248.5,249.26,249.38,248.41,231143.0
111,2020-03-19 13:12:00-04:00,2020-03-19 13:13:00-04:00,1584637920000000000,1584637980000000000,249.26,249.49,249.725,248.81,202648.0
112,2020-03-19 13:14:00-04:00,2020-03-19 13:15:00-04:00,1584638040000000000,1584638100000000000,249.4917,248.1432,249.4917,247.95,281644.0
113,2020-03-19 13:16:00-04:00,2020-03-19 13:17:00-04:00,1584638160000000000,1584638220000000000,248.19,248.11,248.76,247.94,170972.0
114,2020-03-19 13:18:00-04:00,2020-03-19 13:19:00-04:00,1584638280000000000,1584638340000000000,248.0891,248.6,248.67,247.5,147941.0
115,2020-03-19 13:20:00-04:00,2020-03-19 13:21:00-04:00,1584638400000000000,1584638460000000000,248.56,248.98,248.98,248.1601,166018.0
116,2020-03-19 13:22:00-04:00,2020-03-19 13:23:00-04:00,1584638520000000000,1584638580000000000,248.93,248.575,248.98,247.94,193217.0
117,2020-03-19 13:24:00-04:00,2020-03-19 13:25:00-04:00,1584638640000000000,1584638700000000000,248.575,248.27,249.11,248.16,133831.0
118,2020-03-19 13:26:00-04:00,2020-03-19 13:27:00-04:00,1584638760000000000,1584638820000000000,248.24,248.47,248.84,248.07,146923.0
119,2020-03-19 13:28:00-04:00,2020-03-19 13:29:00-04:00,1584638880000000000,1584638940000000000,248.39,247.925,248.52,247.62,210273.0
120,2020-03-19 13:30:00-04:00,2020-03-19 13:31:00-04:00,1584639000000000000,1584639060000000000,247.91,247.69,248.24,247.56,151128.0
121,2020-03-19 13:32:00-04:00,2020-03-19 13:33:00-04:00,1584639120000000000,1584639180000000000,247.65,248.01,248.2,247.21,153083.0
122,2020-03-19 13:34:00-04:00,2020-03-19 13:35:00-04:00,1584639240000000000,1584639300000000000,247.98,247.95,248.2029,247.6,190572.0
123,2020-03-19 13:36:00-04:00,2020-03-19 13:37:00-04:00,1584639360000000000,1584639420000000000,248.01,248.395,248.395,247.46,147347.0
124,2020-03-19 13:38:00-04:00,2020-03-19 13:39:00-04:00,1584639480000000000,1584639540000000000,248.41,248.07,248.5,247.79,140931.0
125,2020-03-19 13:40:00-04:00,2020-03-19 13:41:00-04:00,1584639600000000000,1584639660000000000,248.04,248.18,248.29,247.47,156243.0
126,2020-03-19 13:42:00-04:00,2020-03-19 13:43:00-04:00,1584639720000000000,1584639780000000000,248.2375,248.66,248.98,247.81,172951.0
127,2020-03-19 13:44:00-04:00,2020-03-19 13:45:00-04:00,1584639840000000000,1584639900000000000,248.64,248.9551,249.07,248.42,151105.0
128,2020-03-19 13:46:00-04:00,2020-03-19 13:47:00-04:00,1584639960000000000,1584640020000000000,248.92,249.21,249.29,248.55,195460.0
129,2020-03-19 13:48:00-04:00,2020-03-19 13:49:00-04:00,1584640080000000000,1584640140000000000,249.17,249.0299,249.45,248.82,138245.0
130,2020-03-19 13:50:00-04:00,2020-03-19 13:51:00-04:00,1584640200000000000,1584640260000000000,248.9583,249.55,250.0,248.9583,323037.0
131,2020-03-19 13:52:00-04:00,2020-03-19 13:53:00-04:00,1584640320000000000,1584640380000000000,249.61,250.18,250.4795,249.5,341506.0
132,2020-03-19 13:54:00-04:00,2020-03-19 13:55:00-04:00,1584640440000000000,1584640500000000000,250.2444,250.2399,250.6323,249.55,256149.0
133,2020-03-19 13:56:00-04:00,2020-03-19 13:57:00-04:00,1584640560000000000,1584640620000000000,250.18,249.695,250.5,249.33,252406.0
134,2020-03-19 13:58:00-04:00,2020-03-19 13:59:00-04:00,1584640680000000000,1584640740000000000,249.685,249.35,249.81,249.1406,211096.0
135,2020-03-19 14:00:00-04:00,2020-03-19 14:01:00-04:00,1584640800000000000,1584640860000000000,249.41,249.08,249.975,248.9,209893.0
136,2020-03-19 14:02:00-04:00,2020-03-19 14:03:00-04:00,1584640920000000000,1584640980000000000,249.11,249.0,249.35,248.66,182466.0
137,2020-03-19 14:04:00-04:00,2020-03-19 14:05:00-04:00,1584641040000000000,1584641100000000000,249.0461,248.9532,249.35,248.63,199648.0
138,2020-03-19 14:06:00-04:00,2020-03-19 14:07:00-04:00,1584641160000000000,1584641220000000000,248.89,248.235,249.04,248.08,172721.0
139,2020-03-19 14:08:00-04:00,2020-03-19 14:09:00-04:00,1584641280000000000,1584641340000000000,248.2,248.53,248.92,248.2,153324.0
140,2020-03-19 14:10:00-04:00,2020-03-19 14:11:00-04:00,1584641400000000000,1584641460000000000,248.641,249.29,249.5093,248.585,193366.0
141,2020-03-19 14:12:00-04:00,2020-03-19 14:13:00-04:00,1584641520000000000,1584641580000000000,249.33,249.185,249.38,248.73,163178.0
142,2020-03-19 14:14:00-04:00,2020-03-19 14:15:00-04:00,1584641640000000000,1584641700000000000,249.14,249.1,249.63,249.01,202559.0
143,2020-03-19 14:16:00-04:00,2020-03-19 14:17:00-04:00,1584641760000000000,1584641820000000000,249.11,249.65,249.72,248.85,173951.0
144,2020-03-19 14:18:00-04:00,2020-03-19 14:19:00-04:00,1584641880000000000,1584641940000000000,249.55,249.72,249.83,249.16,144058.0
145,2020-03-19 14:20:00-04:00,2020-03-19 14:21:00-04:00,1584642000000000000,1584642060000000000,249.67,249.3,249.71,248.96,177418.0
146,2020-03-19 14:22:00-04:00,2020-03-19 14:23:00-04:00,1584642120000000000,1584642180000000000,249.32,249.8418,250.22,249.19,215153.0
147,2020-03-19 14:24:00-04:00,2020-03-19 14:25:00-04:00,1584642240000000000,1584642300000000000,249.8,250.185,250.33,249.71,185030.0
148,2020-03-19 14:26:00-04:00,2020-03-19 14:27:00-04:00,1584642360000000000,1584642420000000000,250.15,249.6,250.18,249.1408,240642.0
149,2020-03-19 14:28:00-04:00,2020-03-19 14:29:00-04:00,1584642480000000000,1584642540000000000,249.53,249.75,250.07,249.44,174212.0
150,2020-03-19 14:30:00-04:00,2020-03-19 14:31:00-04:00,1584642600000000000,1584642660000000000,249.75,250.33,250.4,249.61,230902.0
151,2020-03-19 14:32:00-04:00,2020-03-19 14:33:00-04:00,1584642720000000000,1584642780000000000,250.2778,250.3,250.68,249.8063,234380.0
152,2020-03-19 14:34:00-04:00,2020-03-19 14:35:00-04:00,1584642840000000000,1584642900000000000,250.329,250.02,250.43,249.6919,182440.0
153,2020-03-19 14:36:00-04:00,2020-03-19 14:37:00-04:00,1584642960000000000,1584643020000000000,250.06,249.96,250.4,249.83,217627.0
154,2020-03-19 14:38:00-04:00,2020-03-19 14:39:00-04:00,1584643080000000000,1584643140000000000,249.9566,250.57,250.77,249.79,252010.0
155,2020-03-19 14:40:00-04:00,2020-03-19 14:41:00-04:00,1584643200000000000,1584643260000000000,250.71,250.63,251.03,250.3,368039.0
156,2020-03-19 14:42:00-04:00,2020-03-19 14:43:00-04:00,1584643320000000000,1584643380000000000,250.635,251.39,251.6,250.635,350724.0
157,2020-03-19 14:44:00-04:00,2020-03-19 14:45:00-04:00,1584643440000000000,1584643500000000000,251.43,250.92,251.8198,250.34,299680.0
158,2020-03-19 14:46:00-04:00,2020-03-19 14:47:00-04:00,1584643560000000000,1584643620000000000,250.91,251.2,251.47,250.73,221932.0
159,2020-03-19 14:48:00-04:00,2020-03-19 14:49:00-04:00,1584643680000000000,1584643740000000000,251.1836,251.27,251.75,250.95,210275.0
160,2020-03-19 14:50:00-04:00,2020-03-19 14:51:00-04:00,1584643800000000000,1584643860000000000,251.31,250.03,251.66,250.03,276321.0
161,2020-03-19 14:52:00-04:00,2020-03-19 14:53:00-04:00,1584643920000000000,1584643980000000000,250.065,249.82,250.43,249.65,256859.0
162,2020-03-19 14:54:00-04:00,2020-03-19 14:55:00-04:00,1584644040000000000,1584644100000000000,249.76,249.69,250.15,249.3006,237985.0
163,2020-03-19 14:56:00-04:00,2020-03-19 14:57:00-04:00,1584644160000000000,1584644220000000000,249.7427,250.1,250.15,249.56,184933.0
164,2020-03-19 14:58:00-04:00,2020-03-19 14:59:00-04:00,1584644280000000000,1584644340000000000,250.13,249.6095,250.24,249.2,219658.0
165,2020-03-19 15:00:00-04:00,2020-03-19 15:01:00-04:00,1584644400000000000,1584644460000000000,249.55,247.93,249.55,247.87,281022.0
166,2020-03-19 15:02:00-04:00,2020-03-19 15:03:00-04:00,1584644520000000000,1584644580000000000,247.93,248.0,248.17,246.94,388138.0
167,2020-03-19 15:04:00-04:00,2020-03-19 15:05:00-04:00,1584644640000000000,1584644700000000000,248.01,248.22,248.86,247.8601,291448.0
168,2020-03-19 15:06:00-04:00,2020-03-19 15:07:00-04:00,1584644760000000000,1584644820000000000,248.21,248.35,249.1899,248.2,207960.0
169,2020-03-19 15:08:00-04:00,2020-03-19 15:09:00-04:00,1584644880000000000,1584644940000000000,248.38,247.57,248.54,247.4,278463.0
170,2020-03-19 15:10:00-04:00,2020-03-19 15:11:00-04:00,1584645000000000000,1584645060000000000,247.61,248.08,248.43,246.66,357501.0
171,2020-03-19 15:12:00-04:00,2020-03-19 15:13:00-04:00,1584645120000000000,1584645180000000000,248.09,249.06,249.5,247.52,275084.0
172,2020-03-19 15:14:00-04:00,2020-03-19 15:15:00-04:00,1584645240000000000,1584645300000000000,249.11,249.49,249.88,248.7166,326595.0
173,2020-03-19 15:16:00-04:00,2020-03-19 15:17:00-04:00,1584645360000000000,1584645420000000000,249.49,247.87,249.535,247.83,382012.0
174,2020-03-19 15:18:00-04:00,2020-03-19 15:19:00-04:00,1584645480000000000,1584645540000000000,247.92,248.84,249.11,247.83,204642.0
175,2020-03-19 15:20:00-04:00,2020-03-19 15:21:00-04:00,1584645600000000000,1584645660000000000,248.85,249.34,249.73,247.66,323816.0
176,2020-03-19 15:22:00-04:00,2020-03-19 15:23:00-04:00,1584645720000000000,1584645780000000000,249.25,249.49,249.69,248.7773,212484.0
177,2020-03-19 15:24:00-04:00,2020-03-19 15:25:00-04:00,1584645840000000000,1584645900000000000,249.5118,249.67,249.98,249.06,189201.0
178,2020-03-19 15:26:00-04:00,2020-03-19 15:27:00-04:00,1584645960000000000,1584646020000000000,249.6271,249.6201,250.11,249.13,307671.0
179,2020-03-19 15:28:00-04:00,2020-03-19 15:29:00-04:00,1584646080000000000,1584646140000000000,249.66,248.65,249.68,248.4901,189122.0
180,2020-03-19 15:30:00-04:00,2020-03-19 15:31:00-04:00,1584646200000000000,1584646260000000000,248.66,248.32,249.64,248.06,248066.0
181,2020-03-19 15:32:00-04:00,2020-03-19 15:33:00-04:00,1584646320000000000,1584646380000000000,248.27,248.79,249.05,247.8,227399.0
182,2020-03-19 15:34:00-04:00,2020-03-19 15:35:00-04:00,1584646440000000000,1584646500000000000,248.74,249.01,249.34,248.54,202415.0
183,2020-03-19 15:36:00-04:00,2020-03-19 15:37:00-04:00,1584646560000000000,1584646620000000000,249.03,248.4616,249.2,248.37,255926.0
184,2020-03-19 15:38:00-04:00,2020-03-19 15:39:00-04:00,1584646680000000000,1584646740000000000,248.37,248.88,248.94,247.86,280739.0
185,2020-03-19 15:40:00-04:00,2020-03-19 15:41:00-04:00,1584646800000000000,1584646860000000000,248.85,249.5,249.56,248.14,288273.0
186,2020-03-19 15:42:00-04:00,2020-03-19 15:43:00-04:00,1584646920000000000,1584646980000000000,249.4998,249.615,249.67,248.73,240236.0
187,2020-03-19 15:44:00-04:00,2020-03-19 15:45:00-04:00,1584647040000000000,1584647100000000000,249.65,249.01,250.0299,248.59,436601.0
188,2020-03-19 15:46:00-04:00,2020-03-19 15:47:00-04:00,1584647160000000000,1584647220000000000,249.03,249.29,249.45,248.55,275885.0
189,2020-03-19 15:48:00-04:00,2020-03-19 15:49:00-04:00,1584647280000000000,1584647340000000000,249.37,249.13,249.47,248.83,281642.0
190,2020-03-19 15:50:00-04:00,2020-03-19 15:51:00-04:00,1584647400000000000,1584647460000000000,249.18,245.29,249.24,245.01,823165.0
191,2020-03-19 15:52:00-04:00,2020-03-19 15:53:00-04:00,1584647520000000000,1584647580000000000,245.24,244.54,246.535,244.45,656043.0
192,2020-03-19 15:54:00-04:00,2020-03-19 15:55:00-04:00,1584647640000000000,1584647700000000000,244.6,246.7,248.5,244.24,795871.0
193,2020-03-19 15:56:00-04:00,2020-03-19 15:57:00-04:00,1584647760000000000,1584647820000000000,246.735,245.34,247.47,245.22,505780.0
194,2020-03-19 15:58:00-04:00,2020-03-19 15:59:00-04:00,1584647880000000000,1584647940000000000,245.34,244.78,246.3,243.67,1039584.0
195,2020-03-20 09:30:00-04:00,2020-03-20 09:31:00-04:00,1584711000000000000,1584711060000000000,247.18,248.08,249.23,246.84,5375805.0
196,2020-03-20 09:32:00-04:00,2020-03-20 09:33:00-04:00,1584711120000000000,1584711180000000000,248.18,248.4,248.98,247.78,474649.0
197,2020-03-20 09:34:00-04:00,2020-03-20 09:35:00-04:00,1584711240000000000,1584711300000000000,248.31,249.81,250.35,247.71,697917.0
198,2020-03-20 09:36:00-04:00,2020-03-20 09:37:00-04:00,1584711360000000000,1584711420000000000,249.9,249.035,250.73,248.8501,722772.0
199,2020-03-20 09:38:00-04:00,2020-03-20 09:39:00-04:00,1584711480000000000,1584711540000000000,248.94,248.54,249.6,247.52,562866.0
200,2020-03-20 09:40:00-04:00,2020-03-20 09:41:00-04:00,1584711600000000000,1584711660000000000,248.485,248.22,249.44,247.6501,461936.0
201,2020-03-20 09:42:00-04:00,2020-03-20 09:43:00-04:00,1584711720000000000,1584711780000000000,248.19,247.75,248.77,247.65,404288.0
202,2020-03-20 09:44:00-04:00,2020-03-20 09:45:00-04:00,1584711840000000000,1584711900000000000,247.74,246.48,247.81,246.44,607069.0
203,2020-03-20 09:46:00-04:00,2020-03-20 09:47:00-04:00,1584711960000000000,1584712020000000000,246.48,248.07,248.1,246.16,492974.0
204,2020-03-20 09:48:00-04:00,2020-03-20 09:49:00-04:00,1584712080000000000,1584712140000000000,248.09,247.5,248.489,247.35,368185.0
205,2020-03-20 09:50:00-04:00,2020-03-20 09:51:00-04:00,1584712200000000000,1584712260000000000,247.46,248.6699,248.92,247.2,389585.0
206,2020-03-20 09:52:00-04:00,2020-03-20 09:53:00-04:00,1584712320000000000,1584712380000000000,248.6081,249.26,249.7,248.31,411601.0
207,2020-03-20 09:54:00-04:00,2020-03-20 09:55:00-04:00,1584712440000000000,1584712500000000000,249.28,249.13,249.62,248.72,340683.0
208,2020-03-20 09:56:00-04:00,2020-03-20 09:57:00-04:00,1584712560000000000,1584712620000000000,249.12,247.88,249.19,247.77,376227.0
209,2020-03-20 09:58:00-04:00,2020-03-20 09:59:00-04:00,1584712680000000000,1584712740000000000,247.82,248.38,248.85,247.5901,280604.0
210,2020-03-20 10:00:00-04:00,2020-03-20 10:01:00-04:00,1584712800000000000,1584712860000000000,248.36,248.8296,249.43,248.09,386117.0
211,2020-03-20 10:02:00-04:00,2020-03-20 10:03:00-04:00,1584712920000000000,1584712980000000000,248.89,249.44,249.59,248.65,292567.0
212,2020-03-20 10:04:00-04:00,2020-03-20 10:05:00-04:00,1584713040000000000,1584713100000000000,249.44,249.55,250.05,249.11,554230.0
213,2020-03-20 10:06:00-04:00,2020-03-20 10:07:00-04:00,1584713160000000000,1584713220000000000,249.43,249.12,249.78,248.99,279702.0
214,2020-03-20 10:08:00-04:00,2020-03-20 10:09:00-04:00,1584713280000000000,1584713340000000000,249.17,249.3708,249.97,248.97,311165.0
215,2020-03-20 10:10:00-04:00,2020-03-20 10:11:00-04:00,1584713400000000000,1584713460000000000,249.37,249.76,250.03,249.22,360596.0
216,2020-03-20 10:12:00-04:00,2020-03-20 10:13:00-04:00,1584713520000000000,1584713580000000000,249.76,249.7,249.87,248.5,318677.0
217,2020-03-20 10:14:00-04:00,2020-03-20 10:15:00-04:00,1584713640000000000,1584713700000000000,249.68,249.71,250.0,249.12,305461.0
218,2020-03-20 10:16:00-04:00,2020-03-20 10:17:00-04:00,1584713760000000000,1584713820000000000,249.65,250.03,250.43,249.37,417853.0
219,2020-03-20 10:18:00-04:00,2020-03-20 10:19:00-04:00,1584713880000000000,1584713940000000000,250.035,250.325,250.55,249.68,358586.0
220,2020-03-20 10:20:00-04:00,2020-03-20 10:21:00-04:00,1584714000000000000,1584714060000000000,250.28,250.58,250.65,249.82,343164.0
221,2020-03-20 10:22:00-04:00,2020-03-20 10:23:00-04:00,1584714120000000000,1584714180000000000,250.555,250.9,251.27,250.51,616550.0
222,2020-03-20 10:24:00-04:00,2020-03-20 10:25:00-04:00,1584714240000000000,1584714300000000000,250.81,251.1,251.24,250.44,279032.0
223,2020-03-20 10:26:00-04:00,2020-03-20 10:27:00-04:00,1584714360000000000,1584714420000000000,251.1378,250.84,251.47,250.73,350744.0
224,2020-03-20 10:28:00-04:00,2020-03-20 10:29:00-04:00,1584714480000000000,1584714540000000000,250.9,250.4799,250.96,250.26,352094.0
225,2020-03-20 10:30:00-04:00,2020-03-20 10:31:00-04:00,1584714600000000000,1584714660000000000,250.42,251.05,251.07,250.33,291097.0
226,2020-03-20 10:32:00-04:00,2020-03-20 10:33:00-04:00,1584714720000000000,1584714780000000000,251.08,251.41,251.74,250.88,286764.0
227,2020-03-20 10:34:00-04:00,2020-03-20 10:35:00-04:00,1584714840000000000,1584714900000000000,251.4461,250.83,251.47,250.7,259436.0
228,2020-03-20 10:36:00-04:00,2020-03-20 10:37:00-04:00,1584714960000000000,1584715020000000000,250.79,250.9,251.22,250.78,263024.0
229,2020-03-20 10:38:00-04:00,2020-03-20 10:39:00-04:00,1584715080000000000,1584715140000000000,250.92,251.28,251.46,250.66,274720.0
230,2020-03-20 10:40:00-04:00,2020-03-20 10:41:00-04:00,1584715200000000000,1584715260000000000,251.27,250.32,251.505,250.26,324131.0
231,2020-03-20 10:42:00-04:00,2020-03-20 10:43:00-04:00,1584715320000000000,1584715380000000000,250.31,250.2,250.51,249.77,345953.0
232,2020-03-20 10:44:00-04:00,2020-03-20 10:45:00-04:00,1584715440000000000,1584715500000000000,250.15,249.5716,250.25,249.53,264430.0
233,2020-03-20 10:46:00-04:00,2020-03-20 10:47:00-04:00,1584715560000000000,1584715620000000000,249.6,250.1,250.2899,249.28,277504.0
234,2020-03-20 10:48:00-04:00,2020-03-20 10:49:00-04:00,1584715680000000000,1584715740000000000,250.12,250.6057,250.91,250.12,263045.0
235,2020-03-20 10:50:00-04:00,2020-03-20 10:51:00-04:00,1584715800000000000,1584715860000000000,250.55,251.35,251.38,250.53,264140.0
236,2020-03-20 10:52:00-04:00,2020-03-20 10:53:00-04:00,1584715920000000000,1584715980000000000,251.34,251.7717,251.83,250.97,259504.0
237,2020-03-20 10:54:00-04:00,2020-03-20 10:55:00-04:00,1584716040000000000,1584716100000000000,251.79,251.2078,251.79,250.89,243708.0
238,2020-03-20 10:56:00-04:00,2020-03-20 10:57:00-04:00,1584716160000000000,1584716220000000000,251.23,251.45,251.73,251.195,278435.0
239,2020-03-20 10:58:00-04:00,2020-03-20 10:59:00-04:00,1584716280000000000,1584716340000000000,251.49,251.62,251.81,251.3,275827.0
240,2020-03-20 11:00:00-04:00,2020-03-20 11:01:00-04:00,1584716400000000000,1584716460000000000,251.63,251.07,251.77,250.86,284772.0
241,2020-03-20 11:02:00-04:00,2020-03-20 11:03:00-04:00,1584716520000000000,1584716580000000000,251.07,251.12,251.33,250.91,219461.0
242,2020-03-20 11:04:00-04:00,2020-03-20 11:05:00-04:00,1584716640000000000,1584716700000000000,251.09,250.6101,251.16,250.6,235794.0
243,2020-03-20 11:06:00-04:00,2020-03-20 11:07:00-04:00,1584716760000000000,1584716820000000000,250.62,250.5547,250.92,250.12,265355.0
244,2020-03-20 11:08:00-04:00,2020-03-20 11:09:00-04:00,1584716880000000000,1584716940000000000,250.52,251.19,251.39,250.47,298075.0
245,2020-03-20 11:10:00-04:00,2020-03-20 11:11:00-04:00,1584717000000000000,1584717060000000000,251.18,251.555,251.65,251.02,295488.0
246,2020-03-20 11:12:00-04:00,2020-03-20 11:13:00-04:00,1584717120000000000,1584717180000000000,251.54,250.52,251.6,250.25,244131.0
247,2020-03-20 11:14:00-04:00,2020-03-20 11:15:00-04:00,1584717240000000000,1584717300000000000,250.51,250.13,250.82,250.11,257514.0
248,2020-03-20 11:16:00-04:00,2020-03-20 11:17:00-04:00,1584717360000000000,1584717420000000000,250.12,250.31,250.49,249.83,345309.0
249,2020-03-20 11:18:00-04:00,2020-03-20 11:19:00-04:00,1584717480000000000,1584717540000000000,250.34,249.985,250.66,249.93,313079.0
250,2020-03-20 11:20:00-04:00,2020-03-20 11:21:00-04:00,1584717600000000000,1584717660000000000,249.96,249.4443,250.22,249.34,368636.0
251,2020-03-20 11:22:00-04:00,2020-03-20 11:23:00-04:00,1584717720000000000,1584717780000000000,249.43,249.51,250.0,249.34,329733.0
252,2020-03-20 11:24:00-04:00,2020-03-20 11:25:00-04:00,1584717840000000000,1584717900000000000,249.48,248.21,249.58,248.03,475199.0
253,2020-03-20 11:26:00-04:00,2020-03-20 11:27:00-04:00,1584717960000000000,1584718020000000000,248.22,249.65,249.83,248.15,340804.0
254,2020-03-20 11:28:00-04:00,2020-03-20 11:29:00-04:00,1584718080000000000,1584718140000000000,249.68,249.14,249.94,249.08,348922.0
255,2020-03-20 11:30:00-04:00,2020-03-20 11:31:00-04:00,1584718200000000000,1584718260000000000,249.14,248.59,249.2,248.28,317386.0
256,2020-03-20 11:32:00-04:00,2020-03-20 11:33:00-04:00,1584718320000000000,1584718380000000000,248.65,249.5,249.79,248.65,342839.0
257,2020-03-20 11:34:00-04:00,2020-03-20 11:35:00-04:00,1584718440000000000,1584718500000000000,249.5,248.46,249.5999,248.41,260523.0
258,2020-03-20 11:36:00-04:00,2020-03-20 11:37:00-04:00,1584718560000000000,1584718620000000000,248.4749,249.57,250.08,248.3,367341.0
259,2020-03-20 11:38:00-04:00,2020-03-20 11:39:00-04:00,1584718680000000000,1584718740000000000,249.57,249.39,249.96,249.2,218507.0
260,2020-03-20 11:40:00-04:00,2020-03-20 11:41:00-04:00,1584718800000000000,1584718860000000000,249.36,249.86,250.0,248.97,269256.0
261,2020-03-20 11:42:00-04:00,2020-03-20 11:43:00-04:00,1584718920000000000,1584718980000000000,249.93,249.6,250.03,249.12,212512.0
262,2020-03-20 11:44:00-04:00,2020-03-20 11:45:00-04:00,1584719040000000000,1584719100000000000,249.53,248.6899,249.7,248.59,260313.0
263,2020-03-20 11:46:00-04:00,2020-03-20 11:47:00-04:00,1584719160000000000,1584719220000000000,248.67,248.5101,249.06,248.28,192131.0
264,2020-03-20 11:48:00-04:00,2020-03-20 11:49:00-04:00,1584719280000000000,1584719340000000000,248.5,249.2839,249.65,248.31,232964.0
265,2020-03-20 11:50:00-04:00,2020-03-20 11:51:00-04:00,1584719400000000000,1584719460000000000,249.29,249.08,249.85,248.9,222210.0
266,2020-03-20 11:52:00-04:00,2020-03-20 11:53:00-04:00,1584719520000000000,1584719580000000000,249.05,248.4,249.18,248.31,305109.0
267,2020-03-20 11:54:00-04:00,2020-03-20 11:55:00-04:00,1584719640000000000,1584719700000000000,248.37,248.82,249.0,248.25,232998.0
268,2020-03-20 11:56:00-04:00,2020-03-20 11:57:00-04:00,1584719760000000000,1584719820000000000,248.79,248.91,249.04,248.49,218892.0
269,2020-03-20 11:58:00-04:00,2020-03-20 11:59:00-04:00,1584719880000000000,1584719940000000000,248.9,248.56,249.01,248.2609,223402.0
270,2020-03-20 12:00:00-04:00,2020-03-20 12:01:00-04:00,1584720000000000000,1584720060000000000,248.5,248.65,249.0,248.47,176193.0
271,2020-03-20 12:02:00-04:00,2020-03-20 12:03:00-04:00,1584720120000000000,1584720180000000000,248.65,248.78,249.0315,248.5,190827.0
272,2020-03-20 12:04:00-04:00,2020-03-20 12:05:00-04:00,1584720240000000000,1584720300000000000,248.8,247.77,248.91,247.59,370982.0
273,2020-03-20 12:06:00-04:00,2020-03-20 12:07:00-04:00,1584720360000000000,1584720420000000000,247.757,247.32,247.83,247.2,268911.0
274,2020-03-20 12:08:00-04:00,2020-03-20 12:09:00-04:00,1584720480000000000,1584720540000000000,247.3,246.14,247.44,246.1201,408541.0
275,2020-03-20 12:10:00-04:00,2020-03-20 12:11:00-04:00,1584720600000000000,1584720660000000000,246.12,246.41,247.01,245.93,414357.0
276,2020-03-20 12:12:00-04:00,2020-03-20 12:13:00-04:00,1584720720000000000,1584720780000000000,246.395,246.86,247.11,246.33,255542.0
277,2020-03-20 12:14:00-04:00,2020-03-20 12:15:00-04:00,1584720840000000000,1584720900000000000,246.86,246.94,247.4,246.6401,240911.0
278,2020-03-20 12:16:00-04:00,2020-03-20 12:17:00-04:00,1584720960000000000,1584721020000000000,246.9,246.5375,247.15,246.36,265775.0
279,2020-03-20 12:18:00-04:00,2020-03-20 12:19:00-04:00,1584721080000000000,1584721140000000000,246.51,246.12,246.74,245.93,203453.0
280,2020-03-20 12:20:00-04:00,2020-03-20 12:21:00-04:00,1584721200000000000,1584721260000000000,246.125,245.64,246.7,245.25,299377.0
281,2020-03-20 12:22:00-04:00,2020-03-20 12:23:00-04:00,1584721320000000000,1584721380000000000,245.62,245.85,246.04,245.12,255014.0
282,2020-03-20 12:24:00-04:00,2020-03-20 12:25:00-04:00,1584721440000000000,1584721500000000000,245.87,246.0339,246.5,245.48,252272.0
283,2020-03-20 12:26:00-04:00,2020-03-20 12:27:00-04:00,1584721560000000000,1584721620000000000,246.1,245.58,246.25,245.4,208150.0
284,2020-03-20 12:28:00-04:00,2020-03-20 12:29:00-04:00,1584721680000000000,1584721740000000000,245.5919,245.5389,245.71,244.34,504840.0
285,2020-03-20 12:30:00-04:00,2020-03-20 12:31:00-04:00,1584721800000000000,1584721860000000000,245.545,245.8,245.98,244.93,302333.0
286,2020-03-20 12:32:00-04:00,2020-03-20 12:33:00-04:00,1584721920000000000,1584721980000000000,245.83,246.005,246.2,245.39,256227.0
287,2020-03-20 12:34:00-04:00,2020-03-20 12:35:00-04:00,1584722040000000000,1584722100000000000,246.06,246.29,246.64,245.81,225226.0
288,2020-03-20 12:36:00-04:00,2020-03-20 12:37:00-04:00,1584722160000000000,1584722220000000000,246.295,245.93,246.41,245.65,180852.0
289,2020-03-20 12:38:00-04:00,2020-03-20 12:39:00-04:00,1584722280000000000,1584722340000000000,245.98,245.95,246.23,245.63,198324.0
290,2020-03-20 12:40:00-04:00,2020-03-20 12:41:00-04:00,1584722400000000000,1584722460000000000,245.96,245.94,246.18,245.6,177799.0
291,2020-03-20 12:42:00-04:00,2020-03-20 12:43:00-04:00,1584722520000000000,1584722580000000000,245.89,246.99,247.15,245.67,276310.0
292,2020-03-20 12:44:00-04:00,2020-03-20 12:45:00-04:00,1584722640000000000,1584722700000000000,246.94,247.112,247.26,246.61,212483.0
293,2020-03-20 12:46:00-04:00,2020-03-20 12:47:00-04:00,1584722760000000000,1584722820000000000,247.0844,247.63,247.73,246.93,283867.0
294,2020-03-20 12:48:00-04:00,2020-03-20 12:49:00-04:00,1584722880000000000,1584722940000000000,247.64,247.585,248.01,247.3,259276.0
295,2020-03-20 12:50:00-04:00,2020-03-20 12:51:00-04:00,1584723000000000000,1584723060000000000,247.56,248.05,248.31,247.54,264552.0
296,2020-03-20 12:52:00-04:00,2020-03-20 12:53:00-04:00,1584723120000000000,1584723180000000000,248.0661,248.72,249.0,248.0661,281410.0
297,2020-03-20 12:54:00-04:00,2020-03-20 12:55:00-04:00,1584723240000000000,1584723300000000000,248.76,248.639,248.97,248.07,233877.0
298,2020-03-20 12:56:00-04:00,2020-03-20 12:57:00-04:00,1584723360000000000,1584723420000000000,248.61,248.67,249.02,248.4,240668.0
299,2020-03-20 12:58:00-04:00,2020-03-20 12:59:00-04:00,1584723480000000000,1584723540000000000,248.6483,247.68,248.65,247.61,269424.0
300,2020-03-20 13:00:00-04:00,2020-03-20 13:01:00-04:00,1584723600000000000,1584723660000000000,247.6819,248.7718,248.88,247.51,332700.0
301,2020-03-20 13:02:00-04:00,2020-03-20 13:03:00-04:00,1584723720000000000,1584723780000000000,248.84,248.97,249.39,248.59,279894.0
302,2020-03-20 13:04:00-04:00,2020-03-20 13:05:00-04:00,1584723840000000000,1584723900000000000,248.97,248.87,249.27,248.29,170193.0
303,2020-03-20 13:06:00-04:00,2020-03-20 13:07:00-04:00,1584723960000000000,1584724020000000000,248.93,248.81,248.95,248.31,154368.0
304,2020-03-20 13:08:00-04:00,2020-03-20 13:09:00-04:00,1584724080000000000,1584724140000000000,248.89,249.1,249.39,248.6,201834.0
305,2020-03-20 13:10:00-04:00,2020-03-20 13:11:00-04:00,1584724200000000000,1584724260000000000,249.1793,248.96,249.67,248.63,275223.0
306,2020-03-20 13:12:00-04:00,2020-03-20 13:13:00-04:00,1584724320000000000,1584724380000000000,249.0099,248.72,249.1,248.41,222696.0
307,2020-03-20 13:14:00-04:00,2020-03-20 13:15:00-04:00,1584724440000000000,1584724500000000000,248.79,248.45,249.28,248.42,241118.0
308,2020-03-20 13:16:00-04:00,2020-03-20 13:17:00-04:00,1584724560000000000,1584724620000000000,248.52,249.28,249.68,248.46,251469.0
309,2020-03-20 13:18:00-04:00,2020-03-20 13:19:00-04:00,1584724680000000000,1584724740000000000,249.25,249.02,249.6,248.8,226118.0
310,2020-03-20 13:20:00-04:00,2020-03-20 13:21:00-04:00,1584724800000000000,1584724860000000000,248.9834,249.03,249.45,248.62,223926.0
311,2020-03-20 13:22:00-04:00,2020-03-20 13:23:00-04:00,1584724920000000000,1584724980000000000,248.9649,248.3921,249.07,248.26,206189.0
312,2020-03-20 13:24:00-04:00,2020-03-20 13:25:00-04:00,1584725040000000000,1584725100000000000,248.43,247.83,248.49,247.32,246240.0
313,2020-03-20 13:26:00-04:00,2020-03-20 13:27:00-04:00,1584725160000000000,1584725220000000000,247.855,247.78,247.95,247.08,236626.0
314,2020-03-20 13:28:00-04:00,2020-03-20 13:29:00-04:00,1584725280000000000,1584725340000000000,247.79,247.9,247.97,247.35,225867.0
315,2020-03-20 13:30:00-04:00,2020-03-20 13:31:00-04:00,1584725400000000000,1584725460000000000,247.88,248.31,248.8,247.86,230193.0
316,2020-03-20 13:32:00-04:00,2020-03-20 13:33:00-04:00,1584725520000000000,1584725580000000000,248.29,247.47,248.64,247.31,195892.0
317,2020-03-20 13:34:00-04:00,2020-03-20 13:35:00-04:00,1584725640000000000,1584725700000000000,247.48,247.75,248.2,247.37,197691.0
318,2020-03-20 13:36:00-04:00,2020-03-20 13:37:00-04:00,1584725760000000000,1584725820000000000,247.73,247.5002,247.85,247.08,216060.0
319,2020-03-20 13:38:00-04:00,2020-03-20 13:39:00-04:00,1584725880000000000,1584725940000000000,247.54,247.94,248.3,247.39,232269.0
320,2020-03-20 13:40:00-04:00,2020-03-20 13:41:00-04:00,1584726000000000000,1584726060000000000,247.87,247.8601,247.96,247.48,160125.0
321,2020-03-20 13:42:00-04:00,2020-03-20 13:43:00-04:00,1584726120000000000,1584726180000000000,247.92,247.69,248.3,247.61,176730.0
322,2020-03-20 13:44:00-04:00,2020-03-20 13:45:00-04:00,1584726240000000000,1584726300000000000,247.63,247.69,248.08,247.56,143026.0
323,2020-03-20 13:46:00-04:00,2020-03-20 13:47:00-04:00,1584726360000000000,1584726420000000000,247.69,246.935,247.93,246.7784,212672.0
324,2020-03-20 13:48:00-04:00,2020-03-20 13:49:00-04:00,1584726480000000000,1584726540000000000,246.9,246.66,247.19,246.31,218638.0
325,2020-03-20 13:50:00-04:00,2020-03-20 13:51:00-04:00,1584726600000000000,1584726660000000000,246.55,246.63,247.26,246.55,156878.0
326,2020-03-20 13:52:00-04:00,2020-03-20 13:53:00-04:00,1584726720000000000,1584726780000000000,246.655,246.82,247.0,246.39,187170.0
327,2020-03-20 13:54:00-04:00,2020-03-20 13:55:00-04:00,1584726840000000000,1584726900000000000,246.7742,246.7,247.015,246.41,171012.0
328,2020-03-20 13:56:00-04:00,2020-03-20 13:57:00-04:00,1584726960000000000,1584727020000000000,246.69,246.69,246.8633,246.395,173943.0
329,2020-03-20 13:58:00-04:00,2020-03-20 13:59:00-04:00,1584727080000000000,1584727140000000000,246.68,247.11,247.15,246.48,158512.0
330,2020-03-20 14:00:00-04:00,2020-03-20 14:01:00-04:00,1584727200000000000,1584727260000000000,247.11,247.14,247.41,246.78,252647.0
331,2020-03-20 14:02:00-04:00,2020-03-20 14:03:00-04:00,1584727320000000000,1584727380000000000,247.18,246.6187,247.29,246.58,179590.0
332,2020-03-20 14:04:00-04:00,2020-03-20 14:05:00-04:00,1584727440000000000,1584727500000000000,246.625,247.96,247.98,246.61,237305.0
333,2020-03-20 14:06:00-04:00,2020-03-20 14:07:00-04:00,1584727560000000000,1584727620000000000,247.93,247.6,248.1,247.1,260962.0
334,2020-03-20 14:08:00-04:00,2020-03-20 14:09:00-04:00,1584727680000000000,1584727740000000000,247.54,247.5,247.81,247.17,147441.0
335,2020-03-20 14:10:00-04:00,2020-03-20 14:11:00-04:00,1584727800000000000,1584727860000000000,247.4867,247.19,247.82,246.95,194031.0
336,2020-03-20 14:12:00-04:00,2020-03-20 14:13:00-04:00,1584727920000000000,1584727980000000000,247.19,246.58,247.21,246.45,201312.0
337,2020-03-20 14:14:00-04:00,2020-03-20 14:15:00-04:00,1584728040000000000,1584728100000000000,246.62,246.2,246.84,245.91,420346.0
338,2020-03-20 14:16:00-04:00,2020-03-20 14:17:00-04:00,1584728160000000000,1584728220000000000,246.16,245.85,246.46,245.66,258090.0
339,2020-03-20 14:18:00-04:00,2020-03-20 14:19:00-04:00,1584728280000000000,1584728340000000000,245.83,245.91,246.25,245.7,233494.0
340,2020-03-20 14:20:00-04:00,2020-03-20 14:21:00-04:00,1584728400000000000,1584728460000000000,245.96,246.28,246.83,245.95,299980.0
341,2020-03-20 14:22:00-04:00,2020-03-20 14:23:00-04:00,1584728520000000000,1584728580000000000,246.27,245.64,246.365,245.6,203755.0
342,2020-03-20 14:24:00-04:00,2020-03-20 14:25:00-04:00,1584728640000000000,1584728700000000000,245.62,245.05,245.68,244.97,382071.0
343,2020-03-20 14:26:00-04:00,2020-03-20 14:27:00-04:00,1584728760000000000,1584728820000000000,245.055,245.12,245.61,244.75,351546.0
344,2020-03-20 14:28:00-04:00,2020-03-20 14:29:00-04:00,1584728880000000000,1584728940000000000,245.11,245.27,245.43,244.835,232306.0
345,2020-03-20 14:30:00-04:00,2020-03-20 14:31:00-04:00,1584729000000000000,1584729060000000000,245.25,245.4,245.98,245.07,269958.0
346,2020-03-20 14:32:00-04:00,2020-03-20 14:33:00-04:00,1584729120000000000,1584729180000000000,245.4,245.71,245.74,244.89,300750.0
347,2020-03-20 14:34:00-04:00,2020-03-20 14:35:00-04:00,1584729240000000000,1584729300000000000,245.69,244.54,245.69,244.36,220667.0
348,2020-03-20 14:36:00-04:00,2020-03-20 14:37:00-04:00,1584729360000000000,1584729420000000000,244.57,244.015,245.17,243.57,474082.0
349,2020-03-20 14:38:00-04:00,2020-03-20 14:39:00-04:00,1584729480000000000,1584729540000000000,243.9986,243.892,244.17,243.15,309999.0
350,2020-03-20 14:40:00-04:00,2020-03-20 14:41:00-04:00,1584729600000000000,1584729660000000000,243.9,243.31,244.33,242.97,372709.0
351,2020-03-20 14:42:00-04:00,2020-03-20 14:43:00-04:00,1584729720000000000,1584729780000000000,243.3,243.23,243.89,243.21,254752.0
352,2020-03-20 14:44:00-04:00,2020-03-20 14:45:00-04:00,1584729840000000000,1584729900000000000,243.23,243.7534,244.09,243.14,263161.0
353,2020-03-20 14:46:00-04:00,2020-03-20 14:47:00-04:00,1584729960000000000,1584730020000000000,243.75,243.573,244.72,243.48,327315.0
354,2020-03-20 14:48:00-04:00,2020-03-20 14:49:00-04:00,1584730080000000000,1584730140000000000,243.55,243.63,244.18,243.38,245278.0
355,2020-03-20 14:50:00-04:00,2020-03-20 14:51:00-04:00,1584730200000000000,1584730260000000000,243.69,243.55,244.01,243.22,305094.0
356,2020-03-20 14:52:00-04:00,2020-03-20 14:53:00-04:00,1584730320000000000,1584730380000000000,243.58,243.11,243.83,242.93,309970.0
357,2020-03-20 14:54:00-04:00,2020-03-20 14:55:00-04:00,1584730440000000000,1584730500000000000,243.11,241.6999,243.11,241.6,526829.0
358,2020-03-20 14:56:00-04:00,2020-03-20 14:57:00-04:00,1584730560000000000,1584730620000000000,241.7,241.16,242.1,241.0,376542.0
359,2020-03-20 14:58:00-04:00,2020-03-20 14:59:00-04:00,1584730680000000000,1584730740000000000,241.16,241.56,241.99,240.94,375529.0
360,2020-03-20 15:00:00-04:00,2020-03-20 15:01:00-04:00,1584730800000000000,1584730860000000000,241.56,242.4812,242.5,241.05,356410.0
361,2020-03-20 15:02:00-04:00,2020-03-20 15:03:00-04:00,1584730920000000000,1584730980000000000,242.42,241.17,242.94,241.0,435598.0
362,2020-03-20 15:04:00-04:00,2020-03-20 15:05:00-04:00,1584731040000000000,1584731100000000000,241.26,241.685,242.06,241.03,268527.0
363,2020-03-20 15:06:00-04:00,2020-03-20 15:07:00-04:00,1584731160000000000,1584731220000000000,241.63,241.51,242.48,241.34,288617.0
364,2020-03-20 15:08:00-04:00,2020-03-20 15:09:00-04:00,1584731280000000000,1584731340000000000,241.5,241.99,242.33,241.48,336158.0
365,2020-03-20 15:10:00-04:00,2020-03-20 15:11:00-04:00,1584731400000000000,1584731460000000000,241.97,242.67,243.05,241.89,394314.0
366,2020-03-20 15:12:00-04:00,2020-03-20 15:13:00-04:00,1584731520000000000,1584731580000000000,242.72,242.06,243.02,241.91,295990.0
367,2020-03-20 15:14:00-04:00,2020-03-20 15:15:00-04:00,1584731640000000000,1584731700000000000,242.11,241.57,242.6,241.57,250353.0
368,2020-03-20 15:16:00-04:00,2020-03-20 15:17:00-04:00,1584731760000000000,1584731820000000000,241.6235,240.6699,241.65,240.34,326624.0
369,2020-03-20 15:18:00-04:00,2020-03-20 15:19:00-04:00,1584731880000000000,1584731940000000000,240.64,240.13,240.84,240.0,570506.0
370,2020-03-20 15:20:00-04:00,2020-03-20 15:21:00-04:00,1584732000000000000,1584732060000000000,240.13,240.56,241.16,240.02,350206.0
371,2020-03-20 15:22:00-04:00,2020-03-20 15:23:00-04:00,1584732120000000000,1584732180000000000,240.53,240.3,240.77,240.0,264693.0
372,2020-03-20 15:24:00-04:00,2020-03-20 15:25:00-04:00,1584732240000000000,1584732300000000000,240.3,240.81,241.14,240.0,399777.0
373,2020-03-20 15:26:00-04:00,2020-03-20 15:27:00-04:00,1584732360000000000,1584732420000000000,240.82,241.49,242.4,240.75,536847.0
374,2020-03-20 15:28:00-04:00,2020-03-20 15:29:00-04:00,1584732480000000000,1584732540000000000,241.4968,241.75,242.8,241.2542,464355.0
375,2020-03-20 15:30:00-04:00,2020-03-20 15:31:00-04:00,1584732600000000000,1584732660000000000,241.8,239.6806,242.62,239.49,663921.0
376,2020-03-20 15:32:00-04:00,2020-03-20 15:33:00-04:00,1584732720000000000,1584732780000000000,239.6868,239.12,240.0,238.97,725380.0
377,2020-03-20 15:34:00-04:00,2020-03-20 15:35:00-04:00,1584732840000000000,1584732900000000000,239.13,238.48,240.27,238.34,691863.0
378,2020-03-20 15:36:00-04:00,2020-03-20 15:37:00-04:00,1584732960000000000,1584733020000000000,238.45,236.12,238.59,235.95,1038214.0
379,2020-03-20 15:38:00-04:00,2020-03-20 15:39:00-04:00,1584733080000000000,1584733140000000000,236.13,235.27,236.35,235.26,1008428.0
380,2020-03-20 15:40:00-04:00,2020-03-20 15:41:00-04:00,1584733200000000000,1584733260000000000,235.34,235.6297,236.83,235.0,1111334.0
381,2020-03-20 15:42:00-04:00,2020-03-20 15:43:00-04:00,1584733320000000000,1584733380000000000,235.5817,235.48,237.12,235.41,902442.0
382,2020-03-20 15:44:00-04:00,2020-03-20 15:45:00-04:00,1584733440000000000,1584733500000000000,235.48,235.335,236.36,235.22,805706.0
383,2020-03-20 15:46:00-04:00,2020-03-20 15:47:00-04:00,1584733560000000000,1584733620000000000,235.335,234.63,237.0,234.45,1354196.0
384,2020-03-20 15:48:00-04:00,2020-03-20 15:49:00-04:00,1584733680000000000,1584733740000000000,234.67,232.33,234.9,232.2,1033856.0
385,2020-03-20 15:50:00-04:00,2020-03-20 15:51:00-04:00,1584733800000000000,1584733860000000000,232.3,230.54,232.365,228.19,2693967.0
386,2020-03-20 15:52:00-04:00,2020-03-20 15:53:00-04:00,1584733920000000000,1584733980000000000,230.61,230.04,231.52,230.0,1457371.0
387,2020-03-20 15:54:00-04:00,2020-03-20 15:55:00-04:00,1584734040000000000,1584734100000000000,230.04,229.85,232.24,228.51,2103091.0
388,2020-03-20 15:56:00-04:00,2020-03-20 15:57:00-04:00,1584734160000000000,1584734220000000000,229.88,228.02,231.19,228.0,2020718.0
389,2020-03-20 15:58:00-04:00,2020-03-20 15:59:00-04:00,1584734280000000000,1584734340000000000,228.08,228.74,229.79,228.0,2672862.0
390,2020-03-23 09:30:00-04:00,2020-03-23 09:31:00-04:00,1584970200000000000,1584970260000000000,228.08,223.19,228.4997,222.35,2991566.0
391,2020-03-23 09:32:00-04:00,2020-03-23 09:33:00-04:00,1584970320000000000,1584970380000000000,223.2035,226.69,227.0,223.18,833306.0
392,2020-03-23 09:34:00-04:00,2020-03-23 09:35:00-04:00,1584970440000000000,1584970500000000000,226.0969,224.395,227.0,223.55,843916.0
393,2020-03-23 09:36:00-04:00,2020-03-23 09:37:00-04:00,1584970560000000000,1584970620000000000,224.395,223.24,225.65,223.15,625601.0
394,2020-03-23 09:38:00-04:00,2020-03-23 09:39:00-04:00,1584970680000000000,1584970740000000000,223.18,220.383,223.2999,218.0,1535746.0
395,2020-03-23 09:40:00-04:00,2020-03-23 09:41:00-04:00,1584970800000000000,1584970860000000000,220.38,220.95,222.5,220.22,717122.0
396,2020-03-23 09:42:00-04:00,2020-03-23 09:43:00-04:00,1584970920000000000,1584970980000000000,220.978,222.57,223.12,220.13,684884.0
397,2020-03-23 09:44:00-04:00,2020-03-23 09:45:00-04:00,1584971040000000000,1584971100000000000,222.542,220.8006,222.56,219.95,706020.0
398,2020-03-23 09:46:00-04:00,2020-03-23 09:47:00-04:00,1584971160000000000,1584971220000000000,220.83,223.49,223.5,220.75,594080.0
399,2020-03-23 09:48:00-04:00,2020-03-23 09:49:00-04:00,1584971280000000000,1584971340000000000,223.5,223.55,224.47,222.8389,605852.0
400,2020-03-23 09:50:00-04:00,2020-03-23 09:51:00-04:00,1584971400000000000,1584971460000000000,223.59,224.82,224.87,222.47,643332.0
401,2020-03-23 09:52:00-04:00,2020-03-23 09:53:00-04:00,1584971520000000000,1584971580000000000,224.8,223.37,225.01,223.3101,587926.0
402,2020-03-23 09:54:00-04:00,2020-03-23 09:55:00-04:00,1584971640000000000,1584971700000000000,223.37,224.2,224.56,222.92,453843.0
403,2020-03-23 09:56:00-04:00,2020-03-23 09:57:00-04:00,1584971760000000000,1584971820000000000,224.2,224.5328,224.59,223.63,481652.0
404,2020-03-23 09:58:00-04:00,2020-03-23 09:59:00-04:00,1584971880000000000,1584971940000000000,224.58,224.15,224.6,223.09,460679.0
405,2020-03-23 10:00:00-04:00,2020-03-23 10:01:00-04:00,1584972000000000000,1584972060000000000,224.195,221.12,224.39,221.0,673583.0
406,2020-03-23 10:02:00-04:00,2020-03-23 10:03:00-04:00,1584972120000000000,1584972180000000000,221.14,220.87,222.2562,220.4,429480.0
407,2020-03-23 10:04:00-04:00,2020-03-23 10:05:00-04:00,1584972240000000000,1584972300000000000,220.87,222.53,222.8,220.424,508410.0
408,2020-03-23 10:06:00-04:00,2020-03-23 10:07:00-04:00,1584972360000000000,1584972420000000000,222.6299,222.7601,222.84,222.0,347326.0
409,2020-03-23 10:08:00-04:00,2020-03-23 10:09:00-04:00,1584972480000000000,1584972540000000000,222.759,221.84,222.85,221.35,329448.0
410,2020-03-23 10:10:00-04:00,2020-03-23 10:11:00-04:00,1584972600000000000,1584972660000000000,221.84,222.4,222.75,221.65,347413.0
411,2020-03-23 10:12:00-04:00,2020-03-23 10:13:00-04:00,1584972720000000000,1584972780000000000,222.395,224.0,224.058,222.3596,610477.0
412,2020-03-23 10:14:00-04:00,2020-03-23 10:15:00-04:00,1584972840000000000,1584972900000000000,223.9893,223.92,224.68,223.5506,522960.0
413,2020-03-23 10:16:00-04:00,2020-03-23 10:17:00-04:00,1584972960000000000,1584973020000000000,223.95,223.0599,224.48,222.89,403556.0
414,2020-03-23 10:18:00-04:00,2020-03-23 10:19:00-04:00,1584973080000000000,1584973140000000000,222.99,220.735,223.09,220.64,510814.0
415,2020-03-23 10:20:00-04:00,2020-03-23 10:21:00-04:00,1584973200000000000,1584973260000000000,220.79,220.72,221.35,220.0,569653.0
416,2020-03-23 10:22:00-04:00,2020-03-23 10:23:00-04:00,1584973320000000000,1584973380000000000,220.598,221.68,222.3499,220.46,430905.0
417,2020-03-23 10:24:00-04:00,2020-03-23 10:25:00-04:00,1584973440000000000,1584973500000000000,221.77,222.22,222.5,221.39,273426.0
418,2020-03-23 10:26:00-04:00,2020-03-23 10:27:00-04:00,1584973560000000000,1584973620000000000,222.215,221.76,222.24,220.74,281554.0
419,2020-03-23 10:28:00-04:00,2020-03-23 10:29:00-04:00,1584973680000000000,1584973740000000000,221.705,221.7572,222.27,221.32,373594.0
420,2020-03-23 10:30:00-04:00,2020-03-23 10:31:00-04:00,1584973800000000000,1584973860000000000,221.76,222.1455,222.25,221.25,294857.0
421,2020-03-23 10:32:00-04:00,2020-03-23 10:33:00-04:00,1584973920000000000,1584973980000000000,222.25,222.76,223.35,222.17,353900.0
422,2020-03-23 10:34:00-04:00,2020-03-23 10:35:00-04:00,1584974040000000000,1584974100000000000,222.78,222.701,223.11,222.25,224477.0
423,2020-03-23 10:36:00-04:00,2020-03-23 10:37:00-04:00,1584974160000000000,1584974220000000000,222.78,221.58,223.0,221.55,274135.0
424,2020-03-23 10:38:00-04:00,2020-03-23 10:39:00-04:00,1584974280000000000,1584974340000000000,221.61,222.522,222.71,221.55,220149.0
425,2020-03-23 10:40:00-04:00,2020-03-23 10:41:00-04:00,1584974400000000000,1584974460000000000,222.48,222.01,223.1,221.57,301765.0
426,2020-03-23 10:42:00-04:00,2020-03-23 10:43:00-04:00,1584974520000000000,1584974580000000000,222.02,222.95,223.56,221.98,316281.0
427,2020-03-23 10:44:00-04:00,2020-03-23 10:45:00-04:00,1584974640000000000,1584974700000000000,222.867,221.63,223.07,221.44,304492.0
428,2020-03-23 10:46:00-04:00,2020-03-23 10:47:00-04:00,1584974760000000000,1584974820000000000,221.69,221.415,222.07,221.35,261239.0
429,2020-03-23 10:48:00-04:00,2020-03-23 10:49:00-04:00,1584974880000000000,1584974940000000000,221.4567,221.79,222.13,220.93,340337.0
430,2020-03-23 10:50:00-04:00,2020-03-23 10:51:00-04:00,1584975000000000000,1584975060000000000,221.81,222.09,222.65,221.31,223829.0
431,2020-03-23 10:52:00-04:00,2020-03-23 10:53:00-04:00,1584975120000000000,1584975180000000000,222.07,221.4086,222.42,221.34,193224.0
432,2020-03-23 10:54:00-04:00,2020-03-23 10:55:00-04:00,1584975240000000000,1584975300000000000,221.34,220.02,221.48,219.7616,577320.0
433,2020-03-23 10:56:00-04:00,2020-03-23 10:57:00-04:00,1584975360000000000,1584975420000000000,220.04,219.22,220.367,219.0,527393.0
434,2020-03-23 10:58:00-04:00,2020-03-23 10:59:00-04:00,1584975480000000000,1584975540000000000,219.1718,219.0433,219.6699,218.6,433580.0
435,2020-03-23 11:00:00-04:00,2020-03-23 11:01:00-04:00,1584975600000000000,1584975660000000000,219.12,220.095,221.32,219.02,543532.0
436,2020-03-23 11:02:00-04:00,2020-03-23 11:03:00-04:00,1584975720000000000,1584975780000000000,220.03,220.06,220.42,219.35,316859.0
437,2020-03-23 11:04:00-04:00,2020-03-23 11:05:00-04:00,1584975840000000000,1584975900000000000,220.01,220.39,220.67,219.76,238994.0
438,2020-03-23 11:06:00-04:00,2020-03-23 11:07:00-04:00,1584975960000000000,1584976020000000000,220.4258,219.68,220.78,219.6,273351.0
439,2020-03-23 11:08:00-04:00,2020-03-23 11:09:00-04:00,1584976080000000000,1584976140000000000,219.6771,219.33,219.98,219.23,320754.0
440,2020-03-23 11:10:00-04:00,2020-03-23 11:11:00-04:00,1584976200000000000,1584976260000000000,219.31,218.62,220.5,218.62,400921.0
441,2020-03-23 11:12:00-04:00,2020-03-23 11:13:00-04:00,1584976320000000000,1584976380000000000,218.63,217.54,218.7,217.05,688666.0
442,2020-03-23 11:14:00-04:00,2020-03-23 11:15:00-04:00,1584976440000000000,1584976500000000000,217.5772,217.88,218.66,217.5,403740.0
443,2020-03-23 11:16:00-04:00,2020-03-23 11:17:00-04:00,1584976560000000000,1584976620000000000,217.91,218.41,218.55,217.83,255526.0
444,2020-03-23 11:18:00-04:00,2020-03-23 11:19:00-04:00,1584976680000000000,1584976740000000000,218.43,217.0369,218.72,216.62,402340.0
445,2020-03-23 11:20:00-04:00,2020-03-23 11:21:00-04:00,1584976800000000000,1584976860000000000,217.07,216.08,217.08,215.9,478612.0
446,2020-03-23 11:22:00-04:00,2020-03-23 11:23:00-04:00,1584976920000000000,1584976980000000000,216.048,215.8482,216.47,215.25,611381.0
447,2020-03-23 11:24:00-04:00,2020-03-23 11:25:00-04:00,1584977040000000000,1584977100000000000,215.86,215.47,216.05,215.15,463347.0
448,2020-03-23 11:26:00-04:00,2020-03-23 11:27:00-04:00,1584977160000000000,1584977220000000000,215.36,214.34,215.47,213.65,719171.0
449,2020-03-23 11:28:00-04:00,2020-03-23 11:29:00-04:00,1584977280000000000,1584977340000000000,214.26,215.0745,215.48,214.1001,392317.0
450,2020-03-23 11:30:00-04:00,2020-03-23 11:31:00-04:00,1584977400000000000,1584977460000000000,215.12,216.14,216.83,214.9,461556.0
451,2020-03-23 11:32:00-04:00,2020-03-23 11:33:00-04:00,1584977520000000000,1584977580000000000,216.08,216.13,216.78,215.8,312032.0
452,2020-03-23 11:34:00-04:00,2020-03-23 11:35:00-04:00,1584977640000000000,1584977700000000000,216.12,214.9,216.12,214.54,346398.0
453,2020-03-23 11:36:00-04:00,2020-03-23 11:37:00-04:00,1584977760000000000,1584977820000000000,214.9228,215.8121,215.9411,214.59,331723.0
454,2020-03-23 11:38:00-04:00,2020-03-23 11:39:00-04:00,1584977880000000000,1584977940000000000,215.75,214.6388,215.97,214.57,290484.0
455,2020-03-23 11:40:00-04:00,2020-03-23 11:41:00-04:00,1584978000000000000,1584978060000000000,214.58,213.5212,215.03,213.01,447426.0
456,2020-03-23 11:42:00-04:00,2020-03-23 11:43:00-04:00,1584978120000000000,1584978180000000000,213.64,213.31,215.0,213.2,469375.0
457,2020-03-23 11:44:00-04:00,2020-03-23 11:45:00-04:00,1584978240000000000,1584978300000000000,213.42,213.095,213.7,212.77,436002.0
458,2020-03-23 11:46:00-04:00,2020-03-23 11:47:00-04:00,1584978360000000000,1584978420000000000,213.0477,214.25,214.37,212.61,429001.0
459,2020-03-23 11:48:00-04:00,2020-03-23 11:49:00-04:00,1584978480000000000,1584978540000000000,214.25,213.1459,214.4199,212.77,443374.0
460,2020-03-23 11:50:00-04:00,2020-03-23 11:51:00-04:00,1584978600000000000,1584978660000000000,213.2,214.305,214.55,212.75,475074.0
461,2020-03-23 11:52:00-04:00,2020-03-23 11:53:00-04:00,1584978720000000000,1584978780000000000,214.24,215.76,215.86,214.24,374364.0
462,2020-03-23 11:54:00-04:00,2020-03-23 11:55:00-04:00,1584978840000000000,1584978900000000000,215.7414,215.5801,216.26,215.27,452298.0
463,2020-03-23 11:56:00-04:00,2020-03-23 11:57:00-04:00,1584978960000000000,1584979020000000000,215.66,215.32,215.88,214.71,394623.0
464,2020-03-23 11:58:00-04:00,2020-03-23 11:59:00-04:00,1584979080000000000,1584979140000000000,215.34,216.77,216.99,215.34,367831.0
465,2020-03-23 12:00:00-04:00,2020-03-23 12:01:00-04:00,1584979200000000000,1584979260000000000,216.7,217.7,217.95,216.3,378455.0
466,2020-03-23 12:02:00-04:00,2020-03-23 12:03:00-04:00,1584979320000000000,1584979380000000000,217.725,217.49,218.123,217.06,383568.0
467,2020-03-23 12:04:00-04:00,2020-03-23 12:05:00-04:00,1584979440000000000,1584979500000000000,217.58,216.8361,217.65,216.33,384925.0
468,2020-03-23 12:06:00-04:00,2020-03-23 12:07:00-04:00,1584979560000000000,1584979620000000000,216.81,217.05,217.379,216.61,240607.0
469,2020-03-23 12:08:00-04:00,2020-03-23 12:09:00-04:00,1584979680000000000,1584979740000000000,217.05,216.06,217.38,216.04,250377.0
470,2020-03-23 12:10:00-04:00,2020-03-23 12:11:00-04:00,1584979800000000000,1584979860000000000,216.13,215.71,216.1556,215.08,344056.0
471,2020-03-23 12:12:00-04:00,2020-03-23 12:13:00-04:00,1584979920000000000,1584979980000000000,215.831,215.58,215.92,215.26,199220.0
472,2020-03-23 12:14:00-04:00,2020-03-23 12:15:00-04:00,1584980040000000000,1584980100000000000,215.6,217.1482,217.1482,215.57,315525.0
473,2020-03-23 12:16:00-04:00,2020-03-23 12:17:00-04:00,1584980160000000000,1584980220000000000,217.15,217.0,217.45,216.39,258059.0
474,2020-03-23 12:18:00-04:00,2020-03-23 12:19:00-04:00,1584980280000000000,1584980340000000000,217.0,218.74,219.0573,216.97,598639.0
475,2020-03-23 12:20:00-04:00,2020-03-23 12:21:00-04:00,1584980400000000000,1584980460000000000,218.74,219.43,219.6,218.3121,492210.0
476,2020-03-23 12:22:00-04:00,2020-03-23 12:23:00-04:00,1584980520000000000,1584980580000000000,219.41,219.18,220.39,219.0,492337.0
477,2020-03-23 12:24:00-04:00,2020-03-23 12:25:00-04:00,1584980640000000000,1584980700000000000,219.2,218.8768,219.69,218.0,376583.0
478,2020-03-23 12:26:00-04:00,2020-03-23 12:27:00-04:00,1584980760000000000,1584980820000000000,218.774,219.3324,219.75,218.7735,309133.0
479,2020-03-23 12:28:00-04:00,2020-03-23 12:29:00-04:00,1584980880000000000,1584980940000000000,219.36,219.2157,219.76,218.5201,299274.0
480,2020-03-23 12:30:00-04:00,2020-03-23 12:31:00-04:00,1584981000000000000,1584981060000000000,219.2955,218.315,219.5,217.89,274082.0
481,2020-03-23 12:32:00-04:00,2020-03-23 12:33:00-04:00,1584981120000000000,1584981180000000000,218.25,218.7299,219.18,218.05,203390.0
482,2020-03-23 12:34:00-04:00,2020-03-23 12:35:00-04:00,1584981240000000000,1584981300000000000,218.675,219.67,219.75,218.44,285637.0
483,2020-03-23 12:36:00-04:00,2020-03-23 12:37:00-04:00,1584981360000000000,1584981420000000000,219.55,219.6399,219.84,218.64,254891.0
484,2020-03-23 12:38:00-04:00,2020-03-23 12:39:00-04:00,1584981480000000000,1584981540000000000,219.6904,220.4256,220.9,219.65,405754.0
485,2020-03-23 12:40:00-04:00,2020-03-23 12:41:00-04:00,1584981600000000000,1584981660000000000,220.56,221.5588,221.65,220.36,434607.0
486,2020-03-23 12:42:00-04:00,2020-03-23 12:43:00-04:00,1584981720000000000,1584981780000000000,221.59,222.5,222.6799,221.3,458417.0
487,2020-03-23 12:44:00-04:00,2020-03-23 12:45:00-04:00,1584981840000000000,1584981900000000000,222.56,222.29,222.715,221.32,485641.0
488,2020-03-23 12:46:00-04:00,2020-03-23 12:47:00-04:00,1584981960000000000,1584982020000000000,222.2599,221.64,222.4,221.0,373165.0
489,2020-03-23 12:48:00-04:00,2020-03-23 12:49:00-04:00,1584982080000000000,1584982140000000000,221.71,223.06,223.48,221.71,478535.0
490,2020-03-23 12:50:00-04:00,2020-03-23 12:51:00-04:00,1584982200000000000,1584982260000000000,223.01,223.0552,223.5576,222.5,343345.0
491,2020-03-23 12:52:00-04:00,2020-03-23 12:53:00-04:00,1584982320000000000,1584982380000000000,223.07,221.91,223.16,221.6,292946.0
492,2020-03-23 12:54:00-04:00,2020-03-23 12:55:00-04:00,1584982440000000000,1584982500000000000,221.91,223.25,223.34,221.91,287656.0
493,2020-03-23 12:56:00-04:00,2020-03-23 12:57:00-04:00,1584982560000000000,1584982620000000000,223.23,225.17,225.18,223.23,717416.0
494,2020-03-23 12:58:00-04:00,2020-03-23 12:59:00-04:00,1584982680000000000,1584982740000000000,225.18,224.75,225.44,223.9,484192.0
495,2020-03-23 13:00:00-04:00,2020-03-23 13:01:00-04:00,1584982800000000000,1584982860000000000,224.8053,223.66,224.9,223.59,382201.0
496,2020-03-23 13:02:00-04:00,2020-03-23 13:03:00-04:00,1584982920000000000,1584982980000000000,223.71,223.91,224.39,223.55,276006.0
497,2020-03-23 13:04:00-04:00,2020-03-23 13:05:00-04:00,1584983040000000000,1584983100000000000,223.9,223.0,223.95,222.6,308881.0
498,2020-03-23 13:06:00-04:00,2020-03-23 13:07:00-04:00,1584983160000000000,1584983220000000000,223.02,223.83,223.94,222.93,232461.0
499,2020-03-23 13:08:00-04:00,2020-03-23 13:09:00-04:00,1584983280000000000,1584983340000000000,223.8,223.72,224.03,223.04,211140.0
500,2020-03-23 13:10:00-04:00,2020-03-23 13:11:00-04:00,1584983400000000000,1584983460000000000,223.75,224.69,224.9,223.71,309283.0
501,2020-03-23 13:12:00-04:00,2020-03-23 13:13:00-04:00,1584983520000000000,1584983580000000000,224.62,226.31,226.44,224.62,534200.0
502,2020-03-23 13:14:00-04:00,2020-03-23 13:15:00-04:00,1584983640000000000,1584983700000000000,226.34,225.7599,227.1,225.7,533442.0
503,2020-03-23 13:16:00-04:00,2020-03-23 13:17:00-04:00,1584983760000000000,1584983820000000000,225.7323,224.89,226.0,224.5,359101.0
504,2020-03-23 13:18:00-04:00,2020-03-23 13:19:00-04:00,1584983880000000000,1584983940000000000,225.09,225.18,225.29,224.1,405416.0
505,2020-03-23 13:20:00-04:00,2020-03-23 13:21:00-04:00,1584984000000000000,1584984060000000000,225.2029,225.64,225.67,224.46,242875.0
506,2020-03-23 13:22:00-04:00,2020-03-23 13:23:00-04:00,1584984120000000000,1584984180000000000,225.61,223.8,226.34,223.8,325827.0
507,2020-03-23 13:24:00-04:00,2020-03-23 13:25:00-04:00,1584984240000000000,1584984300000000000,223.88,223.12,224.6984,223.03,217696.0
508,2020-03-23 13:26:00-04:00,2020-03-23 13:27:00-04:00,1584984360000000000,1584984420000000000,223.095,223.905,224.27,223.0,249795.0
509,2020-03-23 13:28:00-04:00,2020-03-23 13:29:00-04:00,1584984480000000000,1584984540000000000,223.91,221.945,224.0127,221.5462,303695.0
510,2020-03-23 13:30:00-04:00,2020-03-23 13:31:00-04:00,1584984600000000000,1584984660000000000,221.99,221.0,221.99,220.35,427993.0
511,2020-03-23 13:32:00-04:00,2020-03-23 13:33:00-04:00,1584984720000000000,1584984780000000000,220.93,221.42,221.91,220.52,307964.0
512,2020-03-23 13:34:00-04:00,2020-03-23 13:35:00-04:00,1584984840000000000,1584984900000000000,221.4,223.05,223.25,221.25,414919.0
513,2020-03-23 13:36:00-04:00,2020-03-23 13:37:00-04:00,1584984960000000000,1584985020000000000,223.02,222.12,223.17,221.81,195692.0
514,2020-03-23 13:38:00-04:00,2020-03-23 13:39:00-04:00,1584985080000000000,1584985140000000000,222.1169,221.36,222.31,221.02,178733.0
515,2020-03-23 13:40:00-04:00,2020-03-23 13:41:00-04:00,1584985200000000000,1584985260000000000,221.45,222.315,222.59,221.095,181768.0
516,2020-03-23 13:42:00-04:00,2020-03-23 13:43:00-04:00,1584985320000000000,1584985380000000000,222.55,221.05,223.0,221.04,258960.0
517,2020-03-23 13:44:00-04:00,2020-03-23 13:45:00-04:00,1584985440000000000,1584985500000000000,221.04,221.18,221.4824,220.32,249367.0
518,2020-03-23 13:46:00-04:00,2020-03-23 13:47:00-04:00,1584985560000000000,1584985620000000000,221.39,222.02,222.4,220.77,209552.0
519,2020-03-23 13:48:00-04:00,2020-03-23 13:49:00-04:00,1584985680000000000,1584985740000000000,222.1601,224.3637,224.6464,222.02,407692.0
520,2020-03-23 13:50:00-04:00,2020-03-23 13:51:00-04:00,1584985800000000000,1584985860000000000,224.38,223.8,224.48,223.0,254747.0
521,2020-03-23 13:52:00-04:00,2020-03-23 13:53:00-04:00,1584985920000000000,1584985980000000000,223.805,222.69,224.16,222.5,261622.0
522,2020-03-23 13:54:00-04:00,2020-03-23 13:55:00-04:00,1584986040000000000,1584986100000000000,222.79,222.0,223.42,221.5501,266014.0
523,2020-03-23 13:56:00-04:00,2020-03-23 13:57:00-04:00,1584986160000000000,1584986220000000000,221.885,220.73,222.2306,220.0601,358485.0
524,2020-03-23 13:58:00-04:00,2020-03-23 13:59:00-04:00,1584986280000000000,1584986340000000000,220.6592,221.27,221.91,220.4,266737.0
525,2020-03-23 14:00:00-04:00,2020-03-23 14:01:00-04:00,1584986400000000000,1584986460000000000,221.28,220.695,221.58,220.25,198815.0
526,2020-03-23 14:02:00-04:00,2020-03-23 14:03:00-04:00,1584986520000000000,1584986580000000000,220.73,218.9,220.93,218.59,402652.0
527,2020-03-23 14:04:00-04:00,2020-03-23 14:05:00-04:00,1584986640000000000,1584986700000000000,218.99,220.6073,220.85,218.7601,269304.0
528,2020-03-23 14:06:00-04:00,2020-03-23 14:07:00-04:00,1584986760000000000,1584986820000000000,220.5667,220.66,221.3125,220.24,280305.0
529,2020-03-23 14:08:00-04:00,2020-03-23 14:09:00-04:00,1584986880000000000,1584986940000000000,220.69,219.6488,221.04,219.51,209416.0
530,2020-03-23 14:10:00-04:00,2020-03-23 14:11:00-04:00,1584987000000000000,1584987060000000000,219.71,220.095,220.5589,219.45,228943.0
531,2020-03-23 14:12:00-04:00,2020-03-23 14:13:00-04:00,1584987120000000000,1584987180000000000,220.02,220.5166,220.94,219.66,177586.0
532,2020-03-23 14:14:00-04:00,2020-03-23 14:15:00-04:00,1584987240000000000,1584987300000000000,220.52,220.52,220.99,220.23,159732.0
533,2020-03-23 14:16:00-04:00,2020-03-23 14:17:00-04:00,1584987360000000000,1584987420000000000,220.55,220.689,221.44,220.3,183421.0
534,2020-03-23 14:18:00-04:00,2020-03-23 14:19:00-04:00,1584987480000000000,1584987540000000000,220.705,219.78,220.93,219.65,206625.0
535,2020-03-23 14:20:00-04:00,2020-03-23 14:21:00-04:00,1584987600000000000,1584987660000000000,219.71,218.6086,220.1,218.2,347747.0
536,2020-03-23 14:22:00-04:00,2020-03-23 14:23:00-04:00,1584987720000000000,1584987780000000000,218.54,219.67,219.88,218.54,214393.0
537,2020-03-23 14:24:00-04:00,2020-03-23 14:25:00-04:00,1584987840000000000,1584987900000000000,219.67,219.34,219.99,219.152,203140.0
538,2020-03-23 14:26:00-04:00,2020-03-23 14:27:00-04:00,1584987960000000000,1584988020000000000,219.34,220.235,220.5655,218.83,209174.0
539,2020-03-23 14:28:00-04:00,2020-03-23 14:29:00-04:00,1584988080000000000,1584988140000000000,220.235,221.06,221.7282,220.1101,337124.0
540,2020-03-23 14:30:00-04:00,2020-03-23 14:31:00-04:00,1584988200000000000,1584988260000000000,220.99,219.81,221.21,219.76,247388.0
541,2020-03-23 14:32:00-04:00,2020-03-23 14:33:00-04:00,1584988320000000000,1584988380000000000,219.81,219.78,220.5799,219.31,162758.0
542,2020-03-23 14:34:00-04:00,2020-03-23 14:35:00-04:00,1584988440000000000,1584988500000000000,219.8466,219.1658,220.0,219.12,154597.0
543,2020-03-23 14:36:00-04:00,2020-03-23 14:37:00-04:00,1584988560000000000,1584988620000000000,219.16,219.61,219.95,219.0,167845.0
544,2020-03-23 14:38:00-04:00,2020-03-23 14:39:00-04:00,1584988680000000000,1584988740000000000,219.66,219.73,220.68,219.3,210681.0
545,2020-03-23 14:40:00-04:00,2020-03-23 14:41:00-04:00,1584988800000000000,1584988860000000000,219.66,219.79,220.71,219.55,180895.0
546,2020-03-23 14:42:00-04:00,2020-03-23 14:43:00-04:00,1584988920000000000,1584988980000000000,219.85,220.8919,221.08,219.55,209530.0
547,2020-03-23 14:44:00-04:00,2020-03-23 14:45:00-04:00,1584989040000000000,1584989100000000000,221.01,220.43,221.2,220.115,229092.0
548,2020-03-23 14:46:00-04:00,2020-03-23 14:47:00-04:00,1584989160000000000,1584989220000000000,220.38,220.1342,226.5934,219.8,134166.0
549,2020-03-23 14:48:00-04:00,2020-03-23 14:49:00-04:00,1584989280000000000,1584989340000000000,220.24,221.97,227.0183,220.22,322072.0
550,2020-03-23 14:50:00-04:00,2020-03-23 14:51:00-04:00,1584989400000000000,1584989460000000000,222.02,220.7619,227.0183,220.53,261589.0
551,2020-03-23 14:52:00-04:00,2020-03-23 14:53:00-04:00,1584989520000000000,1584989580000000000,220.8256,220.3695,221.105,219.8,194140.0
552,2020-03-23 14:54:00-04:00,2020-03-23 14:55:00-04:00,1584989640000000000,1584989700000000000,220.2855,220.9016,220.9767,220.05,167843.0
553,2020-03-23 14:56:00-04:00,2020-03-23 14:57:00-04:00,1584989760000000000,1584989820000000000,220.98,220.0202,221.35,220.01,205341.0
554,2020-03-23 14:58:00-04:00,2020-03-23 14:59:00-04:00,1584989880000000000,1584989940000000000,220.02,219.925,220.44,219.64,183074.0
555,2020-03-23 15:00:00-04:00,2020-03-23 15:01:00-04:00,1584990000000000000,1584990060000000000,219.96,219.7018,220.4,219.26,270497.0
556,2020-03-23 15:02:00-04:00,2020-03-23 15:03:00-04:00,1584990120000000000,1584990180000000000,219.8238,220.2399,220.26,219.36,243181.0
557,2020-03-23 15:04:00-04:00,2020-03-23 15:05:00-04:00,1584990240000000000,1584990300000000000,220.0101,220.2,220.87,219.75,238324.0
558,2020-03-23 15:06:00-04:00,2020-03-23 15:07:00-04:00,1584990360000000000,1584990420000000000,220.18,220.09,220.8,219.89,175905.0
559,2020-03-23 15:08:00-04:00,2020-03-23 15:09:00-04:00,1584990480000000000,1584990540000000000,220.0914,219.9,220.5,219.8,193570.0
560,2020-03-23 15:10:00-04:00,2020-03-23 15:11:00-04:00,1584990600000000000,1584990660000000000,219.895,219.585,220.1701,219.22,227582.0
561,2020-03-23 15:12:00-04:00,2020-03-23 15:13:00-04:00,1584990720000000000,1584990780000000000,219.585,219.2,219.7,218.9,255525.0
562,2020-03-23 15:14:00-04:00,2020-03-23 15:15:00-04:00,1584990840000000000,1584990900000000000,219.3,219.7501,220.069,219.091,237001.0
563,2020-03-23 15:16:00-04:00,2020-03-23 15:17:00-04:00,1584990960000000000,1584991020000000000,219.92,219.6336,219.9484,219.3,188784.0
564,2020-03-23 15:18:00-04:00,2020-03-23 15:19:00-04:00,1584991080000000000,1584991140000000000,219.5911,219.29,219.9142,219.05,211780.0
565,2020-03-23 15:20:00-04:00,2020-03-23 15:21:00-04:00,1584991200000000000,1584991260000000000,219.28,218.75,219.37,218.55,251427.0
566,2020-03-23 15:22:00-04:00,2020-03-23 15:23:00-04:00,1584991320000000000,1584991380000000000,218.73,218.165,218.7548,217.8,328865.0
567,2020-03-23 15:24:00-04:00,2020-03-23 15:25:00-04:00,1584991440000000000,1584991500000000000,218.1599,217.14,227.139,217.02,331093.0
568,2020-03-23 15:26:00-04:00,2020-03-23 15:27:00-04:00,1584991560000000000,1584991620000000000,217.21,217.8992,217.98,217.02,309315.0
569,2020-03-23 15:28:00-04:00,2020-03-23 15:29:00-04:00,1584991680000000000,1584991740000000000,217.97,217.75,218.5,217.58,275540.0
570,2020-03-23 15:30:00-04:00,2020-03-23 15:31:00-04:00,1584991800000000000,1584991860000000000,217.76,217.905,218.2,217.461,225575.0
571,2020-03-23 15:32:00-04:00,2020-03-23 15:33:00-04:00,1584991920000000000,1584991980000000000,217.905,217.94,218.26,217.71,311355.0
572,2020-03-23 15:34:00-04:00,2020-03-23 15:35:00-04:00,1584992040000000000,1584992100000000000,217.91,218.16,218.23,217.7,306851.0
573,2020-03-23 15:36:00-04:00,2020-03-23 15:37:00-04:00,1584992160000000000,1584992220000000000,218.11,220.0,220.2,217.89,579484.0
574,2020-03-23 15:38:00-04:00,2020-03-23 15:39:00-04:00,1584992280000000000,1584992340000000000,219.95,219.57,220.49,219.46,430805.0
575,2020-03-23 15:40:00-04:00,2020-03-23 15:41:00-04:00,1584992400000000000,1584992460000000000,219.55,219.625,219.87,218.7858,399012.0
576,2020-03-23 15:42:00-04:00,2020-03-23 15:43:00-04:00,1584992520000000000,1584992580000000000,219.62,219.675,219.97,219.0,347694.0
577,2020-03-23 15:44:00-04:00,2020-03-23 15:45:00-04:00,1584992640000000000,1584992700000000000,219.63,220.12,220.7799,219.525,513223.0
578,2020-03-23 15:46:00-04:00,2020-03-23 15:47:00-04:00,1584992760000000000,1584992820000000000,220.12,220.73,221.02,220.0803,433128.0
579,2020-03-23 15:48:00-04:00,2020-03-23 15:49:00-04:00,1584992880000000000,1584992940000000000,220.75,219.47,220.78,219.42,472365.0
580,2020-03-23 15:50:00-04:00,2020-03-23 15:51:00-04:00,1584993000000000000,1584993060000000000,219.5888,223.395,223.41,219.25,719178.0
581,2020-03-23 15:52:00-04:00,2020-03-23 15:53:00-04:00,1584993120000000000,1584993180000000000,223.37,224.34,224.58,223.25,755451.0
582,2020-03-23 15:54:00-04:00,2020-03-23 15:55:00-04:00,1584993240000000000,1584993300000000000,224.41,226.5199,226.55,224.37,950232.0
583,2020-03-23 15:56:00-04:00,2020-03-23 15:57:00-04:00,1584993360000000000,1584993420000000000,226.52,225.68,226.8,225.13,808276.0
584,2020-03-23 15:58:00-04:00,2020-03-23 15:59:00-04:00,1584993480000000000,1584993540000000000,225.68,223.43,226.5,223.08,1350684.0
585,2020-03-24 09:30:00-04:00,2020-03-24 09:31:00-04:00,1585056600000000000,1585056660000000000,236.36,235.82,237.5,235.5,2041707.0
586,2020-03-24 09:32:00-04:00,2020-03-24 09:33:00-04:00,1585056720000000000,1585056780000000000,235.9298,237.3,237.31,235.37,714718.0
587,2020-03-24 09:34:00-04:00,2020-03-24 09:35:00-04:00,1585056840000000000,1585056900000000000,237.265,236.9499,237.87,236.48,832434.0
588,2020-03-24 09:36:00-04:00,2020-03-24 09:37:00-04:00,1585056960000000000,1585057020000000000,236.83,235.24,236.99,235.1104,574935.0
589,2020-03-24 09:38:00-04:00,2020-03-24 09:39:00-04:00,1585057080000000000,1585057140000000000,235.26,235.56,235.87,234.3,683782.0
590,2020-03-24 09:40:00-04:00,2020-03-24 09:41:00-04:00,1585057200000000000,1585057260000000000,235.58,235.11,236.1,234.77,585350.0
591,2020-03-24 09:42:00-04:00,2020-03-24 09:43:00-04:00,1585057320000000000,1585057380000000000,235.12,235.305,235.48,234.5312,418184.0
592,2020-03-24 09:44:00-04:00,2020-03-24 09:45:00-04:00,1585057440000000000,1585057500000000000,235.34,236.24,236.8,234.91,569740.0
593,2020-03-24 09:46:00-04:00,2020-03-24 09:47:00-04:00,1585057560000000000,1585057620000000000,236.21,237.42,237.45,235.61,501920.0
594,2020-03-24 09:48:00-04:00,2020-03-24 09:49:00-04:00,1585057680000000000,1585057740000000000,237.45,236.215,237.57,235.85,454975.0
595,2020-03-24 09:50:00-04:00,2020-03-24 09:51:00-04:00,1585057800000000000,1585057860000000000,236.25,236.85,237.07,235.93,342409.0
596,2020-03-24 09:52:00-04:00,2020-03-24 09:53:00-04:00,1585057920000000000,1585057980000000000,236.897,237.63,237.78,236.74,402146.0
597,2020-03-24 09:54:00-04:00,2020-03-24 09:55:00-04:00,1585058040000000000,1585058100000000000,237.64,237.305,237.75,236.9,414399.0
598,2020-03-24 09:56:00-04:00,2020-03-24 09:57:00-04:00,1585058160000000000,1585058220000000000,237.3,236.6983,237.4,236.54,340119.0
599,2020-03-24 09:58:00-04:00,2020-03-24 09:59:00-04:00,1585058280000000000,1585058340000000000,236.68,236.5263,236.99,236.17,407499.0
600,2020-03-24 10:00:00-04:00,2020-03-24 10:01:00-04:00,1585058400000000000,1585058460000000000,236.5,236.2,237.04,235.71,376948.0
601,2020-03-24 10:02:00-04:00,2020-03-24 10:03:00-04:00,1585058520000000000,1585058580000000000,236.18,236.81,237.18,235.86,332120.0
602,2020-03-24 10:04:00-04:00,2020-03-24 10:05:00-04:00,1585058640000000000,1585058700000000000,236.7906,237.18,237.49,236.23,351960.0
603,2020-03-24 10:06:00-04:00,2020-03-24 10:07:00-04:00,1585058760000000000,1585058820000000000,237.18,237.7959,238.12,237.06,561436.0
604,2020-03-24 10:08:00-04:00,2020-03-24 10:09:00-04:00,1585058880000000000,1585058940000000000,237.8,238.05,238.21,237.57,408493.0
605,2020-03-24 10:10:00-04:00,2020-03-24 10:11:00-04:00,1585059000000000000,1585059060000000000,238.01,238.6361,238.75,237.66,390431.0
606,2020-03-24 10:12:00-04:00,2020-03-24 10:13:00-04:00,1585059120000000000,1585059180000000000,238.644,239.31,239.49,238.3,522668.0
607,2020-03-24 10:14:00-04:00,2020-03-24 10:15:00-04:00,1585059240000000000,1585059300000000000,239.33,240.32,240.4,239.31,979657.0
608,2020-03-24 10:16:00-04:00,2020-03-24 10:17:00-04:00,1585059360000000000,1585059420000000000,240.34,239.8,240.63,239.77,522743.0
609,2020-03-24 10:18:00-04:00,2020-03-24 10:19:00-04:00,1585059480000000000,1585059540000000000,239.8,240.23,240.23,239.38,361668.0
610,2020-03-24 10:20:00-04:00,2020-03-24 10:21:00-04:00,1585059600000000000,1585059660000000000,240.24,239.44,240.27,239.06,314247.0
611,2020-03-24 10:22:00-04:00,2020-03-24 10:23:00-04:00,1585059720000000000,1585059780000000000,239.43,240.928,240.928,239.285,488057.0
612,2020-03-24 10:24:00-04:00,2020-03-24 10:25:00-04:00,1585059840000000000,1585059900000000000,240.93,242.67,242.74,240.68,901700.0
613,2020-03-24 10:26:00-04:00,2020-03-24 10:27:00-04:00,1585059960000000000,1585060020000000000,242.66,242.69,243.1823,242.2101,688686.0
614,2020-03-24 10:28:00-04:00,2020-03-24 10:29:00-04:00,1585060080000000000,1585060140000000000,242.75,241.738,243.44,241.738,605953.0
615,2020-03-24 10:30:00-04:00,2020-03-24 10:31:00-04:00,1585060200000000000,1585060260000000000,241.74,241.7051,242.25,241.17,466878.0
616,2020-03-24 10:32:00-04:00,2020-03-24 10:33:00-04:00,1585060320000000000,1585060380000000000,241.75,242.41,242.57,241.5,365548.0
617,2020-03-24 10:34:00-04:00,2020-03-24 10:35:00-04:00,1585060440000000000,1585060500000000000,242.3749,241.41,242.65,241.35,380856.0
618,2020-03-24 10:36:00-04:00,2020-03-24 10:37:00-04:00,1585060560000000000,1585060620000000000,241.4001,241.24,241.9998,241.172,314509.0
619,2020-03-24 10:38:00-04:00,2020-03-24 10:39:00-04:00,1585060680000000000,1585060740000000000,241.29,241.76,242.08,241.245,264527.0
620,2020-03-24 10:40:00-04:00,2020-03-24 10:41:00-04:00,1585060800000000000,1585060860000000000,241.7,242.075,242.18,241.13,303929.0
621,2020-03-24 10:42:00-04:00,2020-03-24 10:43:00-04:00,1585060920000000000,1585060980000000000,242.04,242.41,242.67,241.93,327693.0
622,2020-03-24 10:44:00-04:00,2020-03-24 10:45:00-04:00,1585061040000000000,1585061100000000000,242.48,242.3703,242.5662,241.9,263769.0
623,2020-03-24 10:46:00-04:00,2020-03-24 10:47:00-04:00,1585061160000000000,1585061220000000000,242.3785,241.8171,242.3785,241.5,285488.0
624,2020-03-24 10:48:00-04:00,2020-03-24 10:49:00-04:00,1585061280000000000,1585061340000000000,241.8256,241.44,242.26,241.33,298732.0
625,2020-03-24 10:50:00-04:00,2020-03-24 10:51:00-04:00,1585061400000000000,1585061460000000000,241.48,241.42,242.0894,241.3,273603.0
626,2020-03-24 10:52:00-04:00,2020-03-24 10:53:00-04:00,1585061520000000000,1585061580000000000,241.45,241.46,241.9,241.22,231164.0
627,2020-03-24 10:54:00-04:00,2020-03-24 10:55:00-04:00,1585061640000000000,1585061700000000000,241.46,241.485,241.69,241.1,229891.0
628,2020-03-24 10:56:00-04:00,2020-03-24 10:57:00-04:00,1585061760000000000,1585061820000000000,241.465,241.03,241.73,241.03,279011.0
629,2020-03-24 10:58:00-04:00,2020-03-24 10:59:00-04:00,1585061880000000000,1585061940000000000,241.08,241.2001,241.5,240.8002,287609.0
630,2020-03-24 11:00:00-04:00,2020-03-24 11:01:00-04:00,1585062000000000000,1585062060000000000,241.2,242.12,242.2592,241.199,324766.0
631,2020-03-24 11:02:00-04:00,2020-03-24 11:03:00-04:00,1585062120000000000,1585062180000000000,242.13,241.64,242.22,241.55,251571.0
632,2020-03-24 11:04:00-04:00,2020-03-24 11:05:00-04:00,1585062240000000000,1585062300000000000,241.63,240.12,241.84,240.12,308771.0
633,2020-03-24 11:06:00-04:00,2020-03-24 11:07:00-04:00,1585062360000000000,1585062420000000000,240.16,239.5286,240.49,239.05,469532.0
634,2020-03-24 11:08:00-04:00,2020-03-24 11:09:00-04:00,1585062480000000000,1585062540000000000,239.5757,239.8126,240.38,239.44,332477.0
635,2020-03-24 11:10:00-04:00,2020-03-24 11:11:00-04:00,1585062600000000000,1585062660000000000,239.8272,239.6082,239.94,239.38,212181.0
636,2020-03-24 11:12:00-04:00,2020-03-24 11:13:00-04:00,1585062720000000000,1585062780000000000,239.65,240.15,240.57,239.19,331882.0
637,2020-03-24 11:14:00-04:00,2020-03-24 11:15:00-04:00,1585062840000000000,1585062900000000000,240.18,240.03,240.59,239.8,271049.0
638,2020-03-24 11:16:00-04:00,2020-03-24 11:17:00-04:00,1585062960000000000,1585063020000000000,240.045,240.3877,241.0397,239.76,247432.0
639,2020-03-24 11:18:00-04:00,2020-03-24 11:19:00-04:00,1585063080000000000,1585063140000000000,240.32,240.255,240.84,239.98,214199.0
640,2020-03-24 11:20:00-04:00,2020-03-24 11:21:00-04:00,1585063200000000000,1585063260000000000,240.27,240.16,240.52,240.07,157037.0
641,2020-03-24 11:22:00-04:00,2020-03-24 11:23:00-04:00,1585063320000000000,1585063380000000000,240.16,240.23,240.5,240.06,224969.0
642,2020-03-24 11:24:00-04:00,2020-03-24 11:25:00-04:00,1585063440000000000,1585063500000000000,240.2,240.4373,240.6,239.91,228018.0
643,2020-03-24 11:26:00-04:00,2020-03-24 11:27:00-04:00,1585063560000000000,1585063620000000000,240.47,240.6036,240.93,240.47,185644.0
644,2020-03-24 11:28:00-04:00,2020-03-24 11:29:00-04:00,1585063680000000000,1585063740000000000,240.63,240.69,241.0,240.6256,172393.0
645,2020-03-24 11:30:00-04:00,2020-03-24 11:31:00-04:00,1585063800000000000,1585063860000000000,240.71,240.07,240.8768,239.96,233124.0
646,2020-03-24 11:32:00-04:00,2020-03-24 11:33:00-04:00,1585063920000000000,1585063980000000000,240.1,239.95,240.19,239.8,186319.0
647,2020-03-24 11:34:00-04:00,2020-03-24 11:35:00-04:00,1585064040000000000,1585064100000000000,239.94,240.75,240.75,239.94,168412.0
648,2020-03-24 11:36:00-04:00,2020-03-24 11:37:00-04:00,1585064160000000000,1585064220000000000,240.735,240.65,240.77,240.35,177096.0
649,2020-03-24 11:38:00-04:00,2020-03-24 11:39:00-04:00,1585064280000000000,1585064340000000000,240.68,240.925,241.0,240.39,232189.0
650,2020-03-24 11:40:00-04:00,2020-03-24 11:41:00-04:00,1585064400000000000,1585064460000000000,240.94,241.3,241.75,240.8,473506.0
651,2020-03-24 11:42:00-04:00,2020-03-24 11:43:00-04:00,1585064520000000000,1585064580000000000,241.2898,241.76,241.79,241.1236,253262.0
652,2020-03-24 11:44:00-04:00,2020-03-24 11:45:00-04:00,1585064640000000000,1585064700000000000,241.7104,241.5854,241.8015,241.35,195318.0
653,2020-03-24 11:46:00-04:00,2020-03-24 11:47:00-04:00,1585064760000000000,1585064820000000000,241.56,241.22,241.8,241.07,199301.0
654,2020-03-24 11:48:00-04:00,2020-03-24 11:49:00-04:00,1585064880000000000,1585064940000000000,241.21,240.8,241.23,240.61,224251.0
655,2020-03-24 11:50:00-04:00,2020-03-24 11:51:00-04:00,1585065000000000000,1585065060000000000,240.84,240.8608,241.1,240.5,241556.0
656,2020-03-24 11:52:00-04:00,2020-03-24 11:53:00-04:00,1585065120000000000,1585065180000000000,240.86,241.41,241.44,240.86,183516.0
657,2020-03-24 11:54:00-04:00,2020-03-24 11:55:00-04:00,1585065240000000000,1585065300000000000,241.35,241.745,241.82,241.21,207379.0
658,2020-03-24 11:56:00-04:00,2020-03-24 11:57:00-04:00,1585065360000000000,1585065420000000000,241.745,241.77,242.35,241.6282,444244.0
659,2020-03-24 11:58:00-04:00,2020-03-24 11:59:00-04:00,1585065480000000000,1585065540000000000,241.7704,242.2946,242.3,241.64,242042.0
660,2020-03-24 12:00:00-04:00,2020-03-24 12:01:00-04:00,1585065600000000000,1585065660000000000,242.28,242.1038,242.57,241.97,246413.0
661,2020-03-24 12:02:00-04:00,2020-03-24 12:03:00-04:00,1585065720000000000,1585065780000000000,242.13,241.9584,242.1894,241.52,231969.0
662,2020-03-24 12:04:00-04:00,2020-03-24 12:05:00-04:00,1585065840000000000,1585065900000000000,242.0,242.21,242.39,241.81,133889.0
663,2020-03-24 12:06:00-04:00,2020-03-24 12:07:00-04:00,1585065960000000000,1585066020000000000,242.19,241.74,242.2123,241.33,187847.0
664,2020-03-24 12:08:00-04:00,2020-03-24 12:09:00-04:00,1585066080000000000,1585066140000000000,241.785,241.76,242.01,241.5301,151208.0
665,2020-03-24 12:10:00-04:00,2020-03-24 12:11:00-04:00,1585066200000000000,1585066260000000000,241.79,241.67,242.06,241.55,139885.0
666,2020-03-24 12:12:00-04:00,2020-03-24 12:13:00-04:00,1585066320000000000,1585066380000000000,241.68,241.49,241.81,241.23,185833.0
667,2020-03-24 12:14:00-04:00,2020-03-24 12:15:00-04:00,1585066440000000000,1585066500000000000,241.4748,241.67,241.91,241.28,212153.0
668,2020-03-24 12:16:00-04:00,2020-03-24 12:17:00-04:00,1585066560000000000,1585066620000000000,241.66,241.591,241.93,241.45,148539.0
669,2020-03-24 12:18:00-04:00,2020-03-24 12:19:00-04:00,1585066680000000000,1585066740000000000,241.63,241.5499,241.6898,241.3,125932.0
670,2020-03-24 12:20:00-04:00,2020-03-24 12:21:00-04:00,1585066800000000000,1585066860000000000,241.5,241.73,242.0,241.4,182941.0
671,2020-03-24 12:22:00-04:00,2020-03-24 12:23:00-04:00,1585066920000000000,1585066980000000000,241.72,242.2,242.25,241.6503,205019.0
672,2020-03-24 12:24:00-04:00,2020-03-24 12:25:00-04:00,1585067040000000000,1585067100000000000,242.16,242.15,242.4,241.92,190291.0
673,2020-03-24 12:26:00-04:00,2020-03-24 12:27:00-04:00,1585067160000000000,1585067220000000000,242.1226,242.415,242.5,241.92,208740.0
674,2020-03-24 12:28:00-04:00,2020-03-24 12:29:00-04:00,1585067280000000000,1585067340000000000,242.43,242.58,242.58,242.26,240734.0
675,2020-03-24 12:30:00-04:00,2020-03-24 12:31:00-04:00,1585067400000000000,1585067460000000000,242.555,242.25,242.6,242.12,272561.0
676,2020-03-24 12:32:00-04:00,2020-03-24 12:33:00-04:00,1585067520000000000,1585067580000000000,242.25,242.48,242.55,242.12,207369.0
677,2020-03-24 12:34:00-04:00,2020-03-24 12:35:00-04:00,1585067640000000000,1585067700000000000,242.49,242.38,242.56,242.3,220361.0
678,2020-03-24 12:36:00-04:00,2020-03-24 12:37:00-04:00,1585067760000000000,1585067820000000000,242.375,242.57,242.63,242.12,253441.0
679,2020-03-24 12:38:00-04:00,2020-03-24 12:39:00-04:00,1585067880000000000,1585067940000000000,242.54,242.83,243.08,242.45,336046.0
680,2020-03-24 12:40:00-04:00,2020-03-24 12:41:00-04:00,1585068000000000000,1585068060000000000,242.82,242.4,242.94,242.3,293895.0
681,2020-03-24 12:42:00-04:00,2020-03-24 12:43:00-04:00,1585068120000000000,1585068180000000000,242.395,242.61,242.64,241.9647,339049.0
682,2020-03-24 12:44:00-04:00,2020-03-24 12:45:00-04:00,1585068240000000000,1585068300000000000,242.59,242.5899,242.94,242.48,209428.0
683,2020-03-24 12:46:00-04:00,2020-03-24 12:47:00-04:00,1585068360000000000,1585068420000000000,242.58,241.75,242.7,241.7,273303.0
684,2020-03-24 12:48:00-04:00,2020-03-24 12:49:00-04:00,1585068480000000000,1585068540000000000,241.78,242.0231,242.16,241.5668,238491.0
685,2020-03-24 12:50:00-04:00,2020-03-24 12:51:00-04:00,1585068600000000000,1585068660000000000,242.07,241.74,242.14,241.45,234215.0
686,2020-03-24 12:52:00-04:00,2020-03-24 12:53:00-04:00,1585068720000000000,1585068780000000000,241.78,241.55,241.89,241.02,218652.0
687,2020-03-24 12:54:00-04:00,2020-03-24 12:55:00-04:00,1585068840000000000,1585068900000000000,241.56,241.79,241.93,241.15,212170.0
688,2020-03-24 12:56:00-04:00,2020-03-24 12:57:00-04:00,1585068960000000000,1585069020000000000,241.82,241.6638,242.0,241.43,164690.0
689,2020-03-24 12:58:00-04:00,2020-03-24 12:59:00-04:00,1585069080000000000,1585069140000000000,241.64,240.23,241.71,240.12,327411.0
690,2020-03-24 13:00:00-04:00,2020-03-24 13:01:00-04:00,1585069200000000000,1585069260000000000,240.25,241.2113,241.43,240.19,247465.0
691,2020-03-24 13:02:00-04:00,2020-03-24 13:03:00-04:00,1585069320000000000,1585069380000000000,241.23,240.9316,241.43,240.867,188872.0
692,2020-03-24 13:04:00-04:00,2020-03-24 13:05:00-04:00,1585069440000000000,1585069500000000000,240.919,240.108,241.0,239.9,294548.0
693,2020-03-24 13:06:00-04:00,2020-03-24 13:07:00-04:00,1585069560000000000,1585069620000000000,240.14,239.91,240.51,239.612,190993.0
694,2020-03-24 13:08:00-04:00,2020-03-24 13:09:00-04:00,1585069680000000000,1585069740000000000,239.95,239.6554,240.24,239.41,231020.0
695,2020-03-24 13:10:00-04:00,2020-03-24 13:11:00-04:00,1585069800000000000,1585069860000000000,239.69,239.745,239.89,239.24,201340.0
696,2020-03-24 13:12:00-04:00,2020-03-24 13:13:00-04:00,1585069920000000000,1585069980000000000,239.8,239.945,240.05,239.41,193077.0
697,2020-03-24 13:14:00-04:00,2020-03-24 13:15:00-04:00,1585070040000000000,1585070100000000000,239.979,240.53,240.73,239.9745,229489.0
698,2020-03-24 13:16:00-04:00,2020-03-24 13:17:00-04:00,1585070160000000000,1585070220000000000,240.5222,239.87,240.59,239.6701,183324.0
699,2020-03-24 13:18:00-04:00,2020-03-24 13:19:00-04:00,1585070280000000000,1585070340000000000,239.81,240.09,240.15,239.44,192356.0
700,2020-03-24 13:20:00-04:00,2020-03-24 13:21:00-04:00,1585070400000000000,1585070460000000000,240.125,238.96,240.125,238.8624,262838.0
701,2020-03-24 13:22:00-04:00,2020-03-24 13:23:00-04:00,1585070520000000000,1585070580000000000,238.94,239.794,239.87,238.93,155609.0
702,2020-03-24 13:24:00-04:00,2020-03-24 13:25:00-04:00,1585070640000000000,1585070700000000000,239.805,239.685,240.09,239.42,187244.0
703,2020-03-24 13:26:00-04:00,2020-03-24 13:27:00-04:00,1585070760000000000,1585070820000000000,239.69,240.304,240.44,239.66,250477.0
704,2020-03-24 13:28:00-04:00,2020-03-24 13:29:00-04:00,1585070880000000000,1585070940000000000,240.3,240.1142,240.66,240.1142,197422.0
705,2020-03-24 13:30:00-04:00,2020-03-24 13:31:00-04:00,1585071000000000000,1585071060000000000,240.11,240.94,241.04,240.09,266061.0
706,2020-03-24 13:32:00-04:00,2020-03-24 13:33:00-04:00,1585071120000000000,1585071180000000000,240.96,241.11,241.23,240.5997,232865.0
707,2020-03-24 13:34:00-04:00,2020-03-24 13:35:00-04:00,1585071240000000000,1585071300000000000,241.1487,240.755,241.18,240.31,167455.0
708,2020-03-24 13:36:00-04:00,2020-03-24 13:37:00-04:00,1585071360000000000,1585071420000000000,240.74,240.515,240.95,240.3201,125992.0
709,2020-03-24 13:38:00-04:00,2020-03-24 13:39:00-04:00,1585071480000000000,1585071540000000000,240.49,240.6877,240.96,240.49,121686.0
710,2020-03-24 13:40:00-04:00,2020-03-24 13:41:00-04:00,1585071600000000000,1585071660000000000,240.75,240.262,240.93,240.03,147157.0
711,2020-03-24 13:42:00-04:00,2020-03-24 13:43:00-04:00,1585071720000000000,1585071780000000000,240.26,240.0701,240.43,239.83,198607.0
712,2020-03-24 13:44:00-04:00,2020-03-24 13:45:00-04:00,1585071840000000000,1585071900000000000,240.04,240.51,240.58,240.0,128651.0
713,2020-03-24 13:46:00-04:00,2020-03-24 13:47:00-04:00,1585071960000000000,1585072020000000000,240.535,240.25,240.85,240.2,161553.0
714,2020-03-24 13:48:00-04:00,2020-03-24 13:49:00-04:00,1585072080000000000,1585072140000000000,240.31,239.65,240.43,239.38,206864.0
715,2020-03-24 13:50:00-04:00,2020-03-24 13:51:00-04:00,1585072200000000000,1585072260000000000,239.6369,239.1069,239.7494,239.07,200743.0
716,2020-03-24 13:52:00-04:00,2020-03-24 13:53:00-04:00,1585072320000000000,1585072380000000000,239.11,238.65,239.185,238.36,241221.0
717,2020-03-24 13:54:00-04:00,2020-03-24 13:55:00-04:00,1585072440000000000,1585072500000000000,238.74,239.165,239.27,238.74,201311.0
718,2020-03-24 13:56:00-04:00,2020-03-24 13:57:00-04:00,1585072560000000000,1585072620000000000,239.14,239.22,239.68,238.96,166267.0
719,2020-03-24 13:58:00-04:00,2020-03-24 13:59:00-04:00,1585072680000000000,1585072740000000000,239.21,238.54,239.22,238.14,171162.0
720,2020-03-24 14:00:00-04:00,2020-03-24 14:01:00-04:00,1585072800000000000,1585072860000000000,238.56,238.9,239.01,238.3,133537.0
721,2020-03-24 14:02:00-04:00,2020-03-24 14:03:00-04:00,1585072920000000000,1585072980000000000,238.95,238.2099,239.07,238.09,162617.0
722,2020-03-24 14:04:00-04:00,2020-03-24 14:05:00-04:00,1585073040000000000,1585073100000000000,238.26,237.91,238.34,237.65,280469.0
723,2020-03-24 14:06:00-04:00,2020-03-24 14:07:00-04:00,1585073160000000000,1585073220000000000,237.89,237.73,238.26,237.33,259236.0
724,2020-03-24 14:08:00-04:00,2020-03-24 14:09:00-04:00,1585073280000000000,1585073340000000000,237.74,237.3171,237.76,237.14,231740.0
725,2020-03-24 14:10:00-04:00,2020-03-24 14:11:00-04:00,1585073400000000000,1585073460000000000,237.335,237.022,237.53,236.5401,252253.0
726,2020-03-24 14:12:00-04:00,2020-03-24 14:13:00-04:00,1585073520000000000,1585073580000000000,237.063,237.2,237.9199,236.8306,242749.0
727,2020-03-24 14:14:00-04:00,2020-03-24 14:15:00-04:00,1585073640000000000,1585073700000000000,237.18,238.23,238.49,236.83,247587.0
728,2020-03-24 14:16:00-04:00,2020-03-24 14:17:00-04:00,1585073760000000000,1585073820000000000,238.11,238.7901,239.01,238.0601,278029.0
729,2020-03-24 14:18:00-04:00,2020-03-24 14:19:00-04:00,1585073880000000000,1585073940000000000,238.82,238.32,239.23,238.03,231699.0
730,2020-03-24 14:20:00-04:00,2020-03-24 14:21:00-04:00,1585074000000000000,1585074060000000000,238.3,238.25,238.7099,237.89,159951.0
731,2020-03-24 14:22:00-04:00,2020-03-24 14:23:00-04:00,1585074120000000000,1585074180000000000,238.32,238.96,239.1504,238.2701,156267.0
732,2020-03-24 14:24:00-04:00,2020-03-24 14:25:00-04:00,1585074240000000000,1585074300000000000,238.995,238.79,239.25,238.7401,146169.0
733,2020-03-24 14:26:00-04:00,2020-03-24 14:27:00-04:00,1585074360000000000,1585074420000000000,238.8,239.14,239.2199,238.6391,150500.0
734,2020-03-24 14:28:00-04:00,2020-03-24 14:29:00-04:00,1585074480000000000,1585074540000000000,239.1541,239.4735,239.83,239.08,183758.0
735,2020-03-24 14:30:00-04:00,2020-03-24 14:31:00-04:00,1585074600000000000,1585074660000000000,239.47,238.96,239.55,238.6,223726.0
736,2020-03-24 14:32:00-04:00,2020-03-24 14:33:00-04:00,1585074720000000000,1585074780000000000,238.98,238.9004,239.22,238.6201,153442.0
737,2020-03-24 14:34:00-04:00,2020-03-24 14:35:00-04:00,1585074840000000000,1585074900000000000,238.965,239.94,240.0,238.84,176661.0
738,2020-03-24 14:36:00-04:00,2020-03-24 14:37:00-04:00,1585074960000000000,1585075020000000000,239.93,240.64,240.75,239.89,293507.0
739,2020-03-24 14:38:00-04:00,2020-03-24 14:39:00-04:00,1585075080000000000,1585075140000000000,240.61,240.81,240.87,239.81,252963.0
740,2020-03-24 14:40:00-04:00,2020-03-24 14:41:00-04:00,1585075200000000000,1585075260000000000,240.82,241.5263,241.56,240.77,418414.0
741,2020-03-24 14:42:00-04:00,2020-03-24 14:43:00-04:00,1585075320000000000,1585075380000000000,241.56,241.3124,242.01,241.22,353540.0
742,2020-03-24 14:44:00-04:00,2020-03-24 14:45:00-04:00,1585075440000000000,1585075500000000000,241.39,241.74,241.99,241.2,279348.0
743,2020-03-24 14:46:00-04:00,2020-03-24 14:47:00-04:00,1585075560000000000,1585075620000000000,241.77,241.0021,241.93,240.89,283822.0
744,2020-03-24 14:48:00-04:00,2020-03-24 14:49:00-04:00,1585075680000000000,1585075740000000000,240.98,240.7399,241.22,240.35,226853.0
745,2020-03-24 14:50:00-04:00,2020-03-24 14:51:00-04:00,1585075800000000000,1585075860000000000,240.75,241.22,241.6,240.6,210266.0
746,2020-03-24 14:52:00-04:00,2020-03-24 14:53:00-04:00,1585075920000000000,1585075980000000000,241.26,241.85,242.025,240.84,226842.0
747,2020-03-24 14:54:00-04:00,2020-03-24 14:55:00-04:00,1585076040000000000,1585076100000000000,241.85,242.19,242.29,241.6201,295425.0
748,2020-03-24 14:56:00-04:00,2020-03-24 14:57:00-04:00,1585076160000000000,1585076220000000000,242.1944,242.5,242.75,242.01,333384.0
749,2020-03-24 14:58:00-04:00,2020-03-24 14:59:00-04:00,1585076280000000000,1585076340000000000,242.46,242.89,243.0,242.33,325811.0
750,2020-03-24 15:00:00-04:00,2020-03-24 15:01:00-04:00,1585076400000000000,1585076460000000000,242.88,242.8064,243.0,242.25,304099.0
751,2020-03-24 15:02:00-04:00,2020-03-24 15:03:00-04:00,1585076520000000000,1585076580000000000,242.82,242.35,242.83,242.1,254969.0
752,2020-03-24 15:04:00-04:00,2020-03-24 15:05:00-04:00,1585076640000000000,1585076700000000000,242.3226,243.055,243.4,242.29,458747.0
753,2020-03-24 15:06:00-04:00,2020-03-24 15:07:00-04:00,1585076760000000000,1585076820000000000,243.07,243.68,243.82,243.04,423704.0
754,2020-03-24 15:08:00-04:00,2020-03-24 15:09:00-04:00,1585076880000000000,1585076940000000000,243.7,244.41,244.41,243.61,522083.0
755,2020-03-24 15:10:00-04:00,2020-03-24 15:11:00-04:00,1585077000000000000,1585077060000000000,244.36,244.14,244.5,243.81,357133.0
756,2020-03-24 15:12:00-04:00,2020-03-24 15:13:00-04:00,1585077120000000000,1585077180000000000,244.11,243.69,244.13,243.1,367197.0
757,2020-03-24 15:14:00-04:00,2020-03-24 15:15:00-04:00,1585077240000000000,1585077300000000000,243.6666,244.05,244.19,243.42,276657.0
758,2020-03-24 15:16:00-04:00,2020-03-24 15:17:00-04:00,1585077360000000000,1585077420000000000,244.07,243.06,244.18,242.62,328393.0
759,2020-03-24 15:18:00-04:00,2020-03-24 15:19:00-04:00,1585077480000000000,1585077540000000000,243.0992,243.5072,243.73,243.0901,277291.0
760,2020-03-24 15:20:00-04:00,2020-03-24 15:21:00-04:00,1585077600000000000,1585077660000000000,243.48,243.5369,243.78,243.01,261073.0
761,2020-03-24 15:22:00-04:00,2020-03-24 15:23:00-04:00,1585077720000000000,1585077780000000000,243.59,243.417,244.02,243.2278,268299.0
762,2020-03-24 15:24:00-04:00,2020-03-24 15:25:00-04:00,1585077840000000000,1585077900000000000,243.37,243.275,243.64,242.86,227178.0
763,2020-03-24 15:26:00-04:00,2020-03-24 15:27:00-04:00,1585077960000000000,1585078020000000000,243.2872,243.66,244.17,243.1,339686.0
764,2020-03-24 15:28:00-04:00,2020-03-24 15:29:00-04:00,1585078080000000000,1585078140000000000,243.61,243.645,243.74,243.34,246570.0
765,2020-03-24 15:30:00-04:00,2020-03-24 15:31:00-04:00,1585078200000000000,1585078260000000000,243.68,244.0,244.01,243.24,280829.0
766,2020-03-24 15:32:00-04:00,2020-03-24 15:33:00-04:00,1585078320000000000,1585078380000000000,243.99,244.12,244.2798,243.79,311517.0
767,2020-03-24 15:34:00-04:00,2020-03-24 15:35:00-04:00,1585078440000000000,1585078500000000000,244.09,243.8124,244.3,243.68,328693.0
768,2020-03-24 15:36:00-04:00,2020-03-24 15:37:00-04:00,1585078560000000000,1585078620000000000,243.78,243.89,244.1957,243.2,386020.0
769,2020-03-24 15:38:00-04:00,2020-03-24 15:39:00-04:00,1585078680000000000,1585078740000000000,243.92,244.02,244.38,243.58,291093.0
770,2020-03-24 15:40:00-04:00,2020-03-24 15:41:00-04:00,1585078800000000000,1585078860000000000,244.05,244.405,244.5,244.05,466372.0
771,2020-03-24 15:42:00-04:00,2020-03-24 15:43:00-04:00,1585078920000000000,1585078980000000000,244.42,244.65,244.75,244.0,447341.0
772,2020-03-24 15:44:00-04:00,2020-03-24 15:45:00-04:00,1585079040000000000,1585079100000000000,244.67,243.8,244.8,243.61,468633.0
773,2020-03-24 15:46:00-04:00,2020-03-24 15:47:00-04:00,1585079160000000000,1585079220000000000,243.82,243.65,244.175,243.35,539593.0
774,2020-03-24 15:48:00-04:00,2020-03-24 15:49:00-04:00,1585079280000000000,1585079340000000000,243.67,243.56,244.08,243.22,478162.0
775,2020-03-24 15:50:00-04:00,2020-03-24 15:51:00-04:00,1585079400000000000,1585079460000000000,243.51,243.9944,244.07,243.12,499770.0
776,2020-03-24 15:52:00-04:00,2020-03-24 15:53:00-04:00,1585079520000000000,1585079580000000000,244.03,244.2,244.26,243.81,485114.0
777,2020-03-24 15:54:00-04:00,2020-03-24 15:55:00-04:00,1585079640000000000,1585079700000000000,244.22,245.415,245.6,244.01,1272201.0
778,2020-03-24 15:56:00-04:00,2020-03-24 15:57:00-04:00,1585079760000000000,1585079820000000000,245.44,246.315,246.4,245.26,1067477.0
779,2020-03-24 15:58:00-04:00,2020-03-24 15:59:00-04:00,1585079880000000000,1585079940000000000,246.34,246.88,247.69,244.88,1988894.0
780,2020-03-25 09:30:00-04:00,2020-03-25 09:31:00-04:00,1585143000000000000,1585143060000000000,250.75,254.2916,254.96,250.0,2156755.0
781,2020-03-25 09:32:00-04:00,2020-03-25 09:33:00-04:00,1585143120000000000,1585143180000000000,254.4462,254.3479,255.0,251.84,1008119.0
782,2020-03-25 09:34:00-04:00,2020-03-25 09:35:00-04:00,1585143240000000000,1585143300000000000,254.29,255.0,255.5,253.76,936427.0
783,2020-03-25 09:36:00-04:00,2020-03-25 09:37:00-04:00,1585143360000000000,1585143420000000000,255.0599,257.13,257.4189,254.6,1002937.0
784,2020-03-25 09:38:00-04:00,2020-03-25 09:39:00-04:00,1585143480000000000,1585143540000000000,257.12,257.83,257.95,256.1825,797702.0
785,2020-03-25 09:40:00-04:00,2020-03-25 09:41:00-04:00,1585143600000000000,1585143660000000000,257.87,255.595,258.25,255.19,975747.0
786,2020-03-25 09:42:00-04:00,2020-03-25 09:43:00-04:00,1585143720000000000,1585143780000000000,255.56,255.09,256.17,254.78,577203.0
787,2020-03-25 09:44:00-04:00,2020-03-25 09:45:00-04:00,1585143840000000000,1585143900000000000,255.21,253.8343,255.2345,253.71,583102.0
788,2020-03-25 09:46:00-04:00,2020-03-25 09:47:00-04:00,1585143960000000000,1585144020000000000,253.8165,253.19,254.579,253.13,463477.0
789,2020-03-25 09:48:00-04:00,2020-03-25 09:49:00-04:00,1585144080000000000,1585144140000000000,253.15,252.72,253.75,252.52,502825.0
790,2020-03-25 09:50:00-04:00,2020-03-25 09:51:00-04:00,1585144200000000000,1585144260000000000,252.7594,252.09,253.48,251.6,633212.0
791,2020-03-25 09:52:00-04:00,2020-03-25 09:53:00-04:00,1585144320000000000,1585144380000000000,252.0832,250.9281,252.2799,250.87,502577.0
792,2020-03-25 09:54:00-04:00,2020-03-25 09:55:00-04:00,1585144440000000000,1585144500000000000,251.0,251.06,251.099,249.87,686964.0
793,2020-03-25 09:56:00-04:00,2020-03-25 09:57:00-04:00,1585144560000000000,1585144620000000000,251.0561,251.433,252.3686,250.8401,734212.0
794,2020-03-25 09:58:00-04:00,2020-03-25 09:59:00-04:00,1585144680000000000,1585144740000000000,251.29,250.8699,251.4826,250.37,407814.0
795,2020-03-25 10:00:00-04:00,2020-03-25 10:01:00-04:00,1585144800000000000,1585144860000000000,250.67,249.7,250.71,248.81,551984.0
796,2020-03-25 10:02:00-04:00,2020-03-25 10:03:00-04:00,1585144920000000000,1585144980000000000,249.7,247.86,249.72,247.3,545699.0
797,2020-03-25 10:04:00-04:00,2020-03-25 10:05:00-04:00,1585145040000000000,1585145100000000000,247.88,248.29,248.66,247.3501,441855.0
798,2020-03-25 10:06:00-04:00,2020-03-25 10:07:00-04:00,1585145160000000000,1585145220000000000,248.28,247.905,249.39,247.71,416298.0
799,2020-03-25 10:08:00-04:00,2020-03-25 10:09:00-04:00,1585145280000000000,1585145340000000000,247.75,246.9507,248.3499,246.5,485283.0
800,2020-03-25 10:10:00-04:00,2020-03-25 10:11:00-04:00,1585145400000000000,1585145460000000000,246.905,245.465,247.02,244.7713,779958.0
801,2020-03-25 10:12:00-04:00,2020-03-25 10:13:00-04:00,1585145520000000000,1585145580000000000,245.455,244.73,245.84,244.33,517761.0
802,2020-03-25 10:14:00-04:00,2020-03-25 10:15:00-04:00,1585145640000000000,1585145700000000000,244.75,245.69,246.28,244.3,589686.0
803,2020-03-25 10:16:00-04:00,2020-03-25 10:17:00-04:00,1585145760000000000,1585145820000000000,245.73,245.6909,246.2,245.29,436271.0
804,2020-03-25 10:18:00-04:00,2020-03-25 10:19:00-04:00,1585145880000000000,1585145940000000000,245.6508,246.12,246.61,245.3557,318086.0
805,2020-03-25 10:20:00-04:00,2020-03-25 10:21:00-04:00,1585146000000000000,1585146060000000000,246.1,246.0913,246.35,245.05,322734.0
806,2020-03-25 10:22:00-04:00,2020-03-25 10:23:00-04:00,1585146120000000000,1585146180000000000,246.13,247.3695,247.44,246.08,481432.0
807,2020-03-25 10:24:00-04:00,2020-03-25 10:25:00-04:00,1585146240000000000,1585146300000000000,247.35,246.68,247.4,246.3482,350170.0
808,2020-03-25 10:26:00-04:00,2020-03-25 10:27:00-04:00,1585146360000000000,1585146420000000000,246.65,246.66,246.88,245.8889,219828.0
809,2020-03-25 10:28:00-04:00,2020-03-25 10:29:00-04:00,1585146480000000000,1585146540000000000,246.64,247.9062,247.9716,246.36,264388.0
810,2020-03-25 10:30:00-04:00,2020-03-25 10:31:00-04:00,1585146600000000000,1585146660000000000,247.8901,248.78,248.93,247.85,451416.0
811,2020-03-25 10:32:00-04:00,2020-03-25 10:33:00-04:00,1585146720000000000,1585146780000000000,248.8179,248.291,249.05,247.85,311713.0
812,2020-03-25 10:34:00-04:00,2020-03-25 10:35:00-04:00,1585146840000000000,1585146900000000000,248.25,248.12,248.9,248.06,262084.0
813,2020-03-25 10:36:00-04:00,2020-03-25 10:37:00-04:00,1585146960000000000,1585147020000000000,248.14,248.43,249.09,248.0051,322488.0
814,2020-03-25 10:38:00-04:00,2020-03-25 10:39:00-04:00,1585147080000000000,1585147140000000000,248.38,248.4273,248.74,248.2,193257.0
815,2020-03-25 10:40:00-04:00,2020-03-25 10:41:00-04:00,1585147200000000000,1585147260000000000,248.45,249.215,249.5,248.4401,286289.0
816,2020-03-25 10:42:00-04:00,2020-03-25 10:43:00-04:00,1585147320000000000,1585147380000000000,249.2389,248.5852,249.52,248.54,292256.0
817,2020-03-25 10:44:00-04:00,2020-03-25 10:45:00-04:00,1585147440000000000,1585147500000000000,248.52,248.77,248.87,247.6601,294943.0
818,2020-03-25 10:46:00-04:00,2020-03-25 10:47:00-04:00,1585147560000000000,1585147620000000000,248.715,247.76,249.25,247.35,244122.0
819,2020-03-25 10:48:00-04:00,2020-03-25 10:49:00-04:00,1585147680000000000,1585147740000000000,247.95,248.0,248.2999,247.55,188461.0
820,2020-03-25 10:50:00-04:00,2020-03-25 10:51:00-04:00,1585147800000000000,1585147860000000000,248.06,249.59,249.69,247.89,293060.0
821,2020-03-25 10:52:00-04:00,2020-03-25 10:53:00-04:00,1585147920000000000,1585147980000000000,249.565,249.45,250.1,249.4,344238.0
822,2020-03-25 10:54:00-04:00,2020-03-25 10:55:00-04:00,1585148040000000000,1585148100000000000,249.52,249.12,249.66,248.5,256661.0
823,2020-03-25 10:56:00-04:00,2020-03-25 10:57:00-04:00,1585148160000000000,1585148220000000000,249.2,249.695,249.84,248.85,189246.0
824,2020-03-25 10:58:00-04:00,2020-03-25 10:59:00-04:00,1585148280000000000,1585148340000000000,249.63,250.44,250.65,249.33,336969.0
825,2020-03-25 11:00:00-04:00,2020-03-25 11:01:00-04:00,1585148400000000000,1585148460000000000,250.51,251.059,251.1899,250.39,370105.0
826,2020-03-25 11:02:00-04:00,2020-03-25 11:03:00-04:00,1585148520000000000,1585148580000000000,251.08,251.0076,251.35,250.72,288055.0
827,2020-03-25 11:04:00-04:00,2020-03-25 11:05:00-04:00,1585148640000000000,1585148700000000000,251.025,252.1,252.19,251.0,422710.0
828,2020-03-25 11:06:00-04:00,2020-03-25 11:07:00-04:00,1585148760000000000,1585148820000000000,252.07,253.13,253.23,251.97,471134.0
829,2020-03-25 11:08:00-04:00,2020-03-25 11:09:00-04:00,1585148880000000000,1585148940000000000,253.145,253.3392,253.5498,253.0,362792.0
830,2020-03-25 11:10:00-04:00,2020-03-25 11:11:00-04:00,1585149000000000000,1585149060000000000,253.36,253.13,253.5,252.682,468352.0
831,2020-03-25 11:12:00-04:00,2020-03-25 11:13:00-04:00,1585149120000000000,1585149180000000000,253.1176,252.295,253.15,252.0,411745.0
832,2020-03-25 11:14:00-04:00,2020-03-25 11:15:00-04:00,1585149240000000000,1585149300000000000,252.335,252.1,252.66,252.06,330784.0
833,2020-03-25 11:16:00-04:00,2020-03-25 11:17:00-04:00,1585149360000000000,1585149420000000000,252.12,253.1,253.15,252.09,321870.0
834,2020-03-25 11:18:00-04:00,2020-03-25 11:19:00-04:00,1585149480000000000,1585149540000000000,253.07,254.2,254.395,252.88,480827.0
835,2020-03-25 11:20:00-04:00,2020-03-25 11:21:00-04:00,1585149600000000000,1585149660000000000,254.18,253.62,254.73,253.3,413763.0
836,2020-03-25 11:22:00-04:00,2020-03-25 11:23:00-04:00,1585149720000000000,1585149780000000000,253.58,253.65,253.6965,253.06,296029.0
837,2020-03-25 11:24:00-04:00,2020-03-25 11:25:00-04:00,1585149840000000000,1585149900000000000,253.6592,254.2001,254.3,253.28,267427.0
838,2020-03-25 11:26:00-04:00,2020-03-25 11:27:00-04:00,1585149960000000000,1585150020000000000,254.2399,254.58,255.0,254.0601,343963.0
839,2020-03-25 11:28:00-04:00,2020-03-25 11:29:00-04:00,1585150080000000000,1585150140000000000,254.53,253.84,254.5799,253.45,294010.0
840,2020-03-25 11:30:00-04:00,2020-03-25 11:31:00-04:00,1585150200000000000,1585150260000000000,253.88,254.31,254.4,253.2,215200.0
841,2020-03-25 11:32:00-04:00,2020-03-25 11:33:00-04:00,1585150320000000000,1585150380000000000,254.45,253.885,254.4994,253.58,177251.0
842,2020-03-25 11:34:00-04:00,2020-03-25 11:35:00-04:00,1585150440000000000,1585150500000000000,253.8928,253.33,254.21,253.25,214666.0
843,2020-03-25 11:36:00-04:00,2020-03-25 11:37:00-04:00,1585150560000000000,1585150620000000000,253.36,253.87,254.27,253.357,207600.0
844,2020-03-25 11:38:00-04:00,2020-03-25 11:39:00-04:00,1585150680000000000,1585150740000000000,253.9253,252.8201,254.0186,252.72,235332.0
845,2020-03-25 11:40:00-04:00,2020-03-25 11:41:00-04:00,1585150800000000000,1585150860000000000,252.8742,252.74,253.27,252.17,275035.0
846,2020-03-25 11:42:00-04:00,2020-03-25 11:43:00-04:00,1585150920000000000,1585150980000000000,252.84,252.43,253.05,252.28,243393.0
847,2020-03-25 11:44:00-04:00,2020-03-25 11:45:00-04:00,1585151040000000000,1585151100000000000,252.425,252.28,252.45,251.26,287447.0
848,2020-03-25 11:46:00-04:00,2020-03-25 11:47:00-04:00,1585151160000000000,1585151220000000000,252.28,251.905,252.28,251.52,294724.0
849,2020-03-25 11:48:00-04:00,2020-03-25 11:49:00-04:00,1585151280000000000,1585151340000000000,251.945,253.14,253.5,251.945,354902.0
850,2020-03-25 11:50:00-04:00,2020-03-25 11:51:00-04:00,1585151400000000000,1585151460000000000,253.2,253.26,253.8,252.92,238075.0
851,2020-03-25 11:52:00-04:00,2020-03-25 11:53:00-04:00,1585151520000000000,1585151580000000000,253.18,252.53,253.47,252.44,136744.0
852,2020-03-25 11:54:00-04:00,2020-03-25 11:55:00-04:00,1585151640000000000,1585151700000000000,252.5,252.69,252.9,252.1,145600.0
853,2020-03-25 11:56:00-04:00,2020-03-25 11:57:00-04:00,1585151760000000000,1585151820000000000,252.6928,253.2664,253.43,252.6928,177815.0
854,2020-03-25 11:58:00-04:00,2020-03-25 11:59:00-04:00,1585151880000000000,1585151940000000000,253.2371,253.19,253.4389,252.98,103110.0
855,2020-03-25 12:00:00-04:00,2020-03-25 12:01:00-04:00,1585152000000000000,1585152060000000000,253.28,253.91,254.09,253.03,304195.0
856,2020-03-25 12:02:00-04:00,2020-03-25 12:03:00-04:00,1585152120000000000,1585152180000000000,253.94,254.48,254.54,253.7,226822.0
857,2020-03-25 12:04:00-04:00,2020-03-25 12:05:00-04:00,1585152240000000000,1585152300000000000,254.52,254.9,255.39,254.5,522672.0
858,2020-03-25 12:06:00-04:00,2020-03-25 12:07:00-04:00,1585152360000000000,1585152420000000000,254.9699,254.6,254.97,254.2484,278655.0
859,2020-03-25 12:08:00-04:00,2020-03-25 12:09:00-04:00,1585152480000000000,1585152540000000000,254.58,254.38,254.93,254.05,216042.0
860,2020-03-25 12:10:00-04:00,2020-03-25 12:11:00-04:00,1585152600000000000,1585152660000000000,254.4,254.73,254.8,254.14,258682.0
861,2020-03-25 12:12:00-04:00,2020-03-25 12:13:00-04:00,1585152720000000000,1585152780000000000,254.7164,254.8801,254.95,254.51,190747.0
862,2020-03-25 12:14:00-04:00,2020-03-25 12:15:00-04:00,1585152840000000000,1585152900000000000,254.896,255.23,255.51,254.7,279087.0
863,2020-03-25 12:16:00-04:00,2020-03-25 12:17:00-04:00,1585152960000000000,1585153020000000000,255.2899,255.6,255.77,255.13,244822.0
864,2020-03-25 12:18:00-04:00,2020-03-25 12:19:00-04:00,1585153080000000000,1585153140000000000,255.58,254.82,255.58,254.8,222249.0
865,2020-03-25 12:20:00-04:00,2020-03-25 12:21:00-04:00,1585153200000000000,1585153260000000000,254.85,254.75,255.13,254.5,194400.0
866,2020-03-25 12:22:00-04:00,2020-03-25 12:23:00-04:00,1585153320000000000,1585153380000000000,254.71,254.6101,255.215,254.3,217509.0
867,2020-03-25 12:24:00-04:00,2020-03-25 12:25:00-04:00,1585153440000000000,1585153500000000000,254.7399,255.06,255.11,254.71,226985.0
868,2020-03-25 12:26:00-04:00,2020-03-25 12:27:00-04:00,1585153560000000000,1585153620000000000,255.0641,254.5401,255.12,254.46,168925.0
869,2020-03-25 12:28:00-04:00,2020-03-25 12:29:00-04:00,1585153680000000000,1585153740000000000,254.5714,254.43,254.96,254.43,208005.0
870,2020-03-25 12:30:00-04:00,2020-03-25 12:31:00-04:00,1585153800000000000,1585153860000000000,254.41,253.8701,254.565,253.58,310439.0
871,2020-03-25 12:32:00-04:00,2020-03-25 12:33:00-04:00,1585153920000000000,1585153980000000000,253.87,254.628,254.65,253.6,242329.0
872,2020-03-25 12:34:00-04:00,2020-03-25 12:35:00-04:00,1585154040000000000,1585154100000000000,254.62,254.3,254.92,254.12,202524.0
873,2020-03-25 12:36:00-04:00,2020-03-25 12:37:00-04:00,1585154160000000000,1585154220000000000,254.4599,254.756,254.86,253.96,211436.0
874,2020-03-25 12:38:00-04:00,2020-03-25 12:39:00-04:00,1585154280000000000,1585154340000000000,254.77,254.9102,255.19,254.66,282676.0
875,2020-03-25 12:40:00-04:00,2020-03-25 12:41:00-04:00,1585154400000000000,1585154460000000000,254.91,254.43,254.91,254.11,223989.0
876,2020-03-25 12:42:00-04:00,2020-03-25 12:43:00-04:00,1585154520000000000,1585154580000000000,254.46,254.35,254.49,253.94,207756.0
877,2020-03-25 12:44:00-04:00,2020-03-25 12:45:00-04:00,1585154640000000000,1585154700000000000,254.35,254.67,254.91,254.22,250399.0
878,2020-03-25 12:46:00-04:00,2020-03-25 12:47:00-04:00,1585154760000000000,1585154820000000000,254.66,254.745,255.0,254.51,229883.0
879,2020-03-25 12:48:00-04:00,2020-03-25 12:49:00-04:00,1585154880000000000,1585154940000000000,254.7271,254.6,254.968,254.5,166033.0
880,2020-03-25 12:50:00-04:00,2020-03-25 12:51:00-04:00,1585155000000000000,1585155060000000000,254.592,254.9599,255.04,254.56,235915.0
881,2020-03-25 12:52:00-04:00,2020-03-25 12:53:00-04:00,1585155120000000000,1585155180000000000,254.9306,254.58,255.28,254.43,307297.0
882,2020-03-25 12:54:00-04:00,2020-03-25 12:55:00-04:00,1585155240000000000,1585155300000000000,254.585,253.7,254.6047,253.51,302738.0
883,2020-03-25 12:56:00-04:00,2020-03-25 12:57:00-04:00,1585155360000000000,1585155420000000000,253.7,253.8,254.1299,253.4,304075.0
884,2020-03-25 12:58:00-04:00,2020-03-25 12:59:00-04:00,1585155480000000000,1585155540000000000,253.81,253.97,254.09,253.6,194089.0
885,2020-03-25 13:00:00-04:00,2020-03-25 13:01:00-04:00,1585155600000000000,1585155660000000000,253.9907,254.01,254.2,253.78,204779.0
886,2020-03-25 13:02:00-04:00,2020-03-25 13:03:00-04:00,1585155720000000000,1585155780000000000,254.02,254.37,254.47,253.93,134995.0
887,2020-03-25 13:04:00-04:00,2020-03-25 13:05:00-04:00,1585155840000000000,1585155900000000000,254.35,254.54,254.63,253.9506,171516.0
888,2020-03-25 13:06:00-04:00,2020-03-25 13:07:00-04:00,1585155960000000000,1585156020000000000,254.53,254.94,255.09,254.45,246374.0
889,2020-03-25 13:08:00-04:00,2020-03-25 13:09:00-04:00,1585156080000000000,1585156140000000000,254.974,255.8,255.8,254.68,294628.0
890,2020-03-25 13:10:00-04:00,2020-03-25 13:11:00-04:00,1585156200000000000,1585156260000000000,255.79,255.215,255.79,255.04,250206.0
891,2020-03-25 13:12:00-04:00,2020-03-25 13:13:00-04:00,1585156320000000000,1585156380000000000,255.31,254.4801,255.46,254.14,249619.0
892,2020-03-25 13:14:00-04:00,2020-03-25 13:15:00-04:00,1585156440000000000,1585156500000000000,254.4127,254.44,254.68,253.95,201549.0
893,2020-03-25 13:16:00-04:00,2020-03-25 13:17:00-04:00,1585156560000000000,1585156620000000000,254.39,254.75,254.94,254.26,155111.0
894,2020-03-25 13:18:00-04:00,2020-03-25 13:19:00-04:00,1585156680000000000,1585156740000000000,254.74,255.28,255.39,254.68,226688.0
895,2020-03-25 13:20:00-04:00,2020-03-25 13:21:00-04:00,1585156800000000000,1585156860000000000,255.2987,254.9239,255.43,254.6,265995.0
896,2020-03-25 13:22:00-04:00,2020-03-25 13:23:00-04:00,1585156920000000000,1585156980000000000,254.9194,254.895,255.0,254.75,164254.0
897,2020-03-25 13:24:00-04:00,2020-03-25 13:25:00-04:00,1585157040000000000,1585157100000000000,254.88,254.41,254.95,254.4,111392.0
898,2020-03-25 13:26:00-04:00,2020-03-25 13:27:00-04:00,1585157160000000000,1585157220000000000,254.4,254.67,254.75,254.13,203161.0
899,2020-03-25 13:28:00-04:00,2020-03-25 13:29:00-04:00,1585157280000000000,1585157340000000000,254.688,254.93,255.0,254.49,161860.0
900,2020-03-25 13:30:00-04:00,2020-03-25 13:31:00-04:00,1585157400000000000,1585157460000000000,254.95,254.8,255.0,254.62,169816.0
901,2020-03-25 13:32:00-04:00,2020-03-25 13:33:00-04:00,1585157520000000000,1585157580000000000,254.82,254.9773,255.01,254.51,206661.0
902,2020-03-25 13:34:00-04:00,2020-03-25 13:35:00-04:00,1585157640000000000,1585157700000000000,255.0,255.45,255.57,254.98,245252.0
903,2020-03-25 13:36:00-04:00,2020-03-25 13:37:00-04:00,1585157760000000000,1585157820000000000,255.465,256.42,256.49,255.27,447813.0
904,2020-03-25 13:38:00-04:00,2020-03-25 13:39:00-04:00,1585157880000000000,1585157940000000000,256.42,256.25,256.78,256.07,313185.0
905,2020-03-25 13:40:00-04:00,2020-03-25 13:41:00-04:00,1585158000000000000,1585158060000000000,256.36,256.586,256.72,255.82,235777.0
906,2020-03-25 13:42:00-04:00,2020-03-25 13:43:00-04:00,1585158120000000000,1585158180000000000,256.581,256.84,257.0,256.25,235915.0
907,2020-03-25 13:44:00-04:00,2020-03-25 13:45:00-04:00,1585158240000000000,1585158300000000000,256.86,257.02,257.1,256.58,388608.0
908,2020-03-25 13:46:00-04:00,2020-03-25 13:47:00-04:00,1585158360000000000,1585158420000000000,257.04,257.26,257.3,256.71,297012.0
909,2020-03-25 13:48:00-04:00,2020-03-25 13:49:00-04:00,1585158480000000000,1585158540000000000,257.2463,256.5388,257.29,256.1,249703.0
910,2020-03-25 13:50:00-04:00,2020-03-25 13:51:00-04:00,1585158600000000000,1585158660000000000,256.57,256.5,256.85,256.05,193922.0
911,2020-03-25 13:52:00-04:00,2020-03-25 13:53:00-04:00,1585158720000000000,1585158780000000000,256.51,255.885,256.529,255.8,240446.0
912,2020-03-25 13:54:00-04:00,2020-03-25 13:55:00-04:00,1585158840000000000,1585158900000000000,255.86,255.78,255.94,255.4001,192909.0
913,2020-03-25 13:56:00-04:00,2020-03-25 13:57:00-04:00,1585158960000000000,1585159020000000000,255.85,255.35,256.22,255.3238,213355.0
914,2020-03-25 13:58:00-04:00,2020-03-25 13:59:00-04:00,1585159080000000000,1585159140000000000,255.32,255.35,255.64,254.7,263067.0
915,2020-03-25 14:00:00-04:00,2020-03-25 14:01:00-04:00,1585159200000000000,1585159260000000000,255.405,255.1633,255.6841,255.0901,159171.0
916,2020-03-25 14:02:00-04:00,2020-03-25 14:03:00-04:00,1585159320000000000,1585159380000000000,255.23,254.1,255.2813,254.04,248743.0
917,2020-03-25 14:04:00-04:00,2020-03-25 14:05:00-04:00,1585159440000000000,1585159500000000000,254.115,253.26,254.34,253.1,248910.0
918,2020-03-25 14:06:00-04:00,2020-03-25 14:07:00-04:00,1585159560000000000,1585159620000000000,253.26,252.9203,253.64,252.6807,347837.0
919,2020-03-25 14:08:00-04:00,2020-03-25 14:09:00-04:00,1585159680000000000,1585159740000000000,252.925,253.42,253.6899,252.75,263850.0
920,2020-03-25 14:10:00-04:00,2020-03-25 14:11:00-04:00,1585159800000000000,1585159860000000000,253.4795,254.3801,254.4309,253.385,260661.0
921,2020-03-25 14:12:00-04:00,2020-03-25 14:13:00-04:00,1585159920000000000,1585159980000000000,254.45,255.4086,255.5,254.23,330016.0
922,2020-03-25 14:14:00-04:00,2020-03-25 14:15:00-04:00,1585160040000000000,1585160100000000000,255.43,255.64,255.64,255.1706,216045.0
923,2020-03-25 14:16:00-04:00,2020-03-25 14:17:00-04:00,1585160160000000000,1585160220000000000,255.64,255.09,255.69,255.0,154191.0
924,2020-03-25 14:18:00-04:00,2020-03-25 14:19:00-04:00,1585160280000000000,1585160340000000000,255.113,255.855,256.0,254.93,193333.0
925,2020-03-25 14:20:00-04:00,2020-03-25 14:21:00-04:00,1585160400000000000,1585160460000000000,255.9249,255.9845,256.0,255.42,263979.0
926,2020-03-25 14:22:00-04:00,2020-03-25 14:23:00-04:00,1585160520000000000,1585160580000000000,256.0,255.695,256.02,255.54,171638.0
927,2020-03-25 14:24:00-04:00,2020-03-25 14:25:00-04:00,1585160640000000000,1585160700000000000,255.7262,254.96,255.7899,254.9347,152571.0
928,2020-03-25 14:26:00-04:00,2020-03-25 14:27:00-04:00,1585160760000000000,1585160820000000000,254.985,254.89,255.34,254.31,179128.0
929,2020-03-25 14:28:00-04:00,2020-03-25 14:29:00-04:00,1585160880000000000,1585160940000000000,254.89,255.03,255.41,254.89,191961.0
930,2020-03-25 14:30:00-04:00,2020-03-25 14:31:00-04:00,1585161000000000000,1585161060000000000,255.03,254.4044,255.29,254.15,169121.0
931,2020-03-25 14:32:00-04:00,2020-03-25 14:33:00-04:00,1585161120000000000,1585161180000000000,254.4462,253.87,254.63,253.87,190286.0
932,2020-03-25 14:34:00-04:00,2020-03-25 14:35:00-04:00,1585161240000000000,1585161300000000000,253.89,254.0099,254.23,253.4,234365.0
933,2020-03-25 14:36:00-04:00,2020-03-25 14:37:00-04:00,1585161360000000000,1585161420000000000,254.01,254.0194,254.48,253.645,211914.0
934,2020-03-25 14:38:00-04:00,2020-03-25 14:39:00-04:00,1585161480000000000,1585161540000000000,254.01,254.6615,254.7199,253.62,218015.0
935,2020-03-25 14:40:00-04:00,2020-03-25 14:41:00-04:00,1585161600000000000,1585161660000000000,254.56,254.33,254.75,254.0,183315.0
936,2020-03-25 14:42:00-04:00,2020-03-25 14:43:00-04:00,1585161720000000000,1585161780000000000,254.3794,254.3,254.6,254.0,156662.0
937,2020-03-25 14:44:00-04:00,2020-03-25 14:45:00-04:00,1585161840000000000,1585161900000000000,254.2525,254.73,254.75,254.0,184732.0
938,2020-03-25 14:46:00-04:00,2020-03-25 14:47:00-04:00,1585161960000000000,1585162020000000000,254.76,255.095,255.38,254.66,250851.0
939,2020-03-25 14:48:00-04:00,2020-03-25 14:49:00-04:00,1585162080000000000,1585162140000000000,255.07,254.92,255.2,254.69,184208.0
940,2020-03-25 14:50:00-04:00,2020-03-25 14:51:00-04:00,1585162200000000000,1585162260000000000,254.92,254.3753,255.16,254.3101,125855.0
941,2020-03-25 14:52:00-04:00,2020-03-25 14:53:00-04:00,1585162320000000000,1585162380000000000,254.34,254.0774,254.473,253.77,216800.0
942,2020-03-25 14:54:00-04:00,2020-03-25 14:55:00-04:00,1585162440000000000,1585162500000000000,254.06,255.15,255.19,253.9699,204342.0
943,2020-03-25 14:56:00-04:00,2020-03-25 14:57:00-04:00,1585162560000000000,1585162620000000000,255.16,255.28,255.64,255.13,294210.0
944,2020-03-25 14:58:00-04:00,2020-03-25 14:59:00-04:00,1585162680000000000,1585162740000000000,255.31,254.92,255.63,254.85,212498.0
945,2020-03-25 15:00:00-04:00,2020-03-25 15:01:00-04:00,1585162800000000000,1585162860000000000,254.9691,255.02,255.17,254.59,200285.0
946,2020-03-25 15:02:00-04:00,2020-03-25 15:03:00-04:00,1585162920000000000,1585162980000000000,255.04,255.29,255.52,255.0387,200880.0
947,2020-03-25 15:04:00-04:00,2020-03-25 15:05:00-04:00,1585163040000000000,1585163100000000000,255.335,255.29,255.5973,255.02,190095.0
948,2020-03-25 15:06:00-04:00,2020-03-25 15:07:00-04:00,1585163160000000000,1585163220000000000,255.31,255.8226,255.87,255.305,246109.0
949,2020-03-25 15:08:00-04:00,2020-03-25 15:09:00-04:00,1585163280000000000,1585163340000000000,255.87,255.8723,256.0,255.575,311040.0
950,2020-03-25 15:10:00-04:00,2020-03-25 15:11:00-04:00,1585163400000000000,1585163460000000000,255.86,255.4445,255.883,255.21,246762.0
951,2020-03-25 15:12:00-04:00,2020-03-25 15:13:00-04:00,1585163520000000000,1585163580000000000,255.41,255.23,255.76,254.87,210643.0
952,2020-03-25 15:14:00-04:00,2020-03-25 15:15:00-04:00,1585163640000000000,1585163700000000000,255.23,256.0922,256.3,255.06,326118.0
953,2020-03-25 15:16:00-04:00,2020-03-25 15:17:00-04:00,1585163760000000000,1585163820000000000,256.1601,256.67,256.8026,256.15,351983.0
954,2020-03-25 15:18:00-04:00,2020-03-25 15:19:00-04:00,1585163880000000000,1585163940000000000,256.67,256.86,257.0,256.42,313629.0
955,2020-03-25 15:20:00-04:00,2020-03-25 15:21:00-04:00,1585164000000000000,1585164060000000000,256.83,256.3272,257.15,256.25,327220.0
956,2020-03-25 15:22:00-04:00,2020-03-25 15:23:00-04:00,1585164120000000000,1585164180000000000,256.31,255.78,256.7,255.394,302574.0
957,2020-03-25 15:24:00-04:00,2020-03-25 15:25:00-04:00,1585164240000000000,1585164300000000000,255.72,256.4191,256.63,255.67,241966.0
958,2020-03-25 15:26:00-04:00,2020-03-25 15:27:00-04:00,1585164360000000000,1585164420000000000,256.4366,255.17,256.45,254.75,348861.0
959,2020-03-25 15:28:00-04:00,2020-03-25 15:29:00-04:00,1585164480000000000,1585164540000000000,255.25,255.31,255.82,255.01,187487.0
960,2020-03-25 15:30:00-04:00,2020-03-25 15:31:00-04:00,1585164600000000000,1585164660000000000,255.35,256.015,256.3527,255.34,241267.0
961,2020-03-25 15:32:00-04:00,2020-03-25 15:33:00-04:00,1585164720000000000,1585164780000000000,256.02,256.48,256.69,255.52,231616.0
962,2020-03-25 15:34:00-04:00,2020-03-25 15:35:00-04:00,1585164840000000000,1585164900000000000,256.48,256.2713,256.8,256.03,269089.0
963,2020-03-25 15:36:00-04:00,2020-03-25 15:37:00-04:00,1585164960000000000,1585165020000000000,256.27,256.34,256.81,256.07,209457.0
964,2020-03-25 15:38:00-04:00,2020-03-25 15:39:00-04:00,1585165080000000000,1585165140000000000,256.34,256.04,256.63,255.6796,301024.0
965,2020-03-25 15:40:00-04:00,2020-03-25 15:41:00-04:00,1585165200000000000,1585165260000000000,256.02,254.7795,256.68,254.63,466785.0
966,2020-03-25 15:42:00-04:00,2020-03-25 15:43:00-04:00,1585165320000000000,1585165380000000000,254.79,252.444,255.59,251.55,809845.0
967,2020-03-25 15:44:00-04:00,2020-03-25 15:45:00-04:00,1585165440000000000,1585165500000000000,252.43,251.13,252.96,250.36,835643.0
968,2020-03-25 15:46:00-04:00,2020-03-25 15:47:00-04:00,1585165560000000000,1585165620000000000,251.05,251.07,252.42,250.2681,613687.0
969,2020-03-25 15:48:00-04:00,2020-03-25 15:49:00-04:00,1585165680000000000,1585165740000000000,250.97,250.32,251.052,249.53,713639.0
970,2020-03-25 15:50:00-04:00,2020-03-25 15:51:00-04:00,1585165800000000000,1585165860000000000,250.32,246.74,250.32,246.36,1031019.0
971,2020-03-25 15:52:00-04:00,2020-03-25 15:53:00-04:00,1585165920000000000,1585165980000000000,246.7,245.64,246.81,245.0,935323.0
972,2020-03-25 15:54:00-04:00,2020-03-25 15:55:00-04:00,1585166040000000000,1585166100000000000,245.59,246.5512,246.82,245.0,1223150.0
973,2020-03-25 15:56:00-04:00,2020-03-25 15:57:00-04:00,1585166160000000000,1585166220000000000,246.53,245.6545,247.03,245.0664,1025284.0
974,2020-03-25 15:58:00-04:00,2020-03-25 15:59:00-04:00,1585166280000000000,1585166340000000000,245.63,245.465,246.0,244.3,1715655.0
